Date,F,weights,Votable Supply,IVS
2023-12-04,0.846572,"w1=0.45, w2=0.38, w3=0.17, w4=0.01",82765569.72,122414516.87
2023-12-05,0.842312,"w1=0.45, w2=0.38, w3=0.17, w4=0.01",82498452.48,121593031.51
2023-12-06,0.800343,"w1=0.45, w2=0.38, w3=0.17, w4=0.01",82944352.75,118130144.25
2023-12-07,0.80831,"w1=0.45, w2=0.38, w3=0.17, w4=0.01",82127363.78,117726882.35
2023-12-08,0.870231,"w1=0.45, w2=0.38, w3=0.17, w4=0.01",82158482.04,123910785.24
2023-12-09,0.844381,"w1=0.45, w2=0.38, w3=0.17, w4=0.01",82051659.44,121140243.25
2023-12-10,0.824547,"w1=0.45, w2=0.38, w3=0.17, w4=0.01",82000609.04,119112624.85
2023-12-11,0.806483,"w1=0.45, w2=0.38, w3=0.17, w4=0.01",81792099.12,117072075.5
2023-12-12,0.890451,"w1=0.45, w2=0.38, w3=0.17, w4=0.01",81534903.35,125049491.22
2023-12-13,0.831402,"w1=0.45, w2=0.38, w3=0.17, w4=0.01",81700583.44,119344383.85
2023-12-14,0.815949,"w1=0.45, w2=0.38, w3=0.17, w4=0.01",81731496.13,117891028.17
2023-12-15,0.797171,"w1=0.45, w2=0.38, w3=0.17, w4=0.01",81707088.7,116068663.65
2023-12-16,0.783452,"w1=0.45, w2=0.38, w3=0.17, w4=0.01",81642104.65,114694354.8
2023-12-17,0.787492,"w1=0.45, w2=0.38, w3=0.17, w4=0.01",81603284.22,115015198.63
2023-12-18,0.785702,"w1=0.45, w2=0.38, w3=0.17, w4=0.01",81058572.53,114082048.86
2023-12-19,0.80616,"w1=0.45, w2=0.38, w3=0.17, w4=0.01",80957551.86,115847106.41
2023-12-20,0.781136,"w1=0.45, w2=0.38, w3=0.17, w4=0.01",80819116.73,113325788.77
2023-12-21,0.786325,"w1=0.45, w2=0.38, w3=0.17, w4=0.01",80727780.38,113673790.06
2023-12-22,0.841643,"w1=0.45, w2=0.38, w3=0.17, w4=0.01",76850174.41,113205919.35
2023-12-23,0.940746,"w1=0.45, w2=0.38, w3=0.17, w4=0.01",76503915.0,122374461.95
2023-12-24,0.915485,"w1=0.45, w2=0.38, w3=0.17, w4=0.01",76171580.22,119288024.06
2023-12-25,0.89674,"w1=0.45, w2=0.38, w3=0.17, w4=0.01",76105787.19,117335188.35
2023-12-26,0.8316,"w1=0.45, w2=0.38, w3=0.17, w4=0.01",76063269.96,111127680.43
2023-12-27,0.864421,"w1=0.45, w2=0.38, w3=0.17, w4=0.01",75251500.63,112950024.52
2023-12-28,0.937728,"w1=0.45, w2=0.38, w3=0.17, w4=0.01",75047182.04,119739951.98
2023-12-29,0.884681,"w1=0.45, w2=0.38, w3=0.17, w4=0.01",74973578.22,114436610.32
2023-12-30,0.88185,"w1=0.45, w2=0.38, w3=0.17, w4=0.01",74927314.27,114097641.25
2023-12-31,0.832421,"w1=0.45, w2=0.38, w3=0.17, w4=0.01",74905236.67,109509427.22
2024-01-01,0.837668,"w1=0.45, w2=0.38, w3=0.17, w4=0.01",74779230.47,109796472.78
2024-01-02,0.849631,"w1=0.45, w2=0.38, w3=0.17, w4=0.01",74244867.78,110088608.47
2024-01-03,0.853081,"w1=0.45, w2=0.38, w3=0.17, w4=0.01",73764045.53,109686731.07
2024-01-04,0.9293,"w1=0.45, w2=0.38, w3=0.17, w4=0.01",73792060.55,116906815.46
2024-01-05,0.869835,"w1=0.45, w2=0.38, w3=0.17, w4=0.01",73800200.2,111268440.02
2024-01-06,0.853962,"w1=0.45, w2=0.38, w3=0.17, w4=0.01",73760674.07,109761336.37
2024-01-07,0.835462,"w1=0.45, w2=0.38, w3=0.17, w4=0.01",73837490.38,108217780.61
2024-01-08,0.834517,"w1=0.45, w2=0.38, w3=0.17, w4=0.01",73918490.82,108252602.72
2024-01-09,0.883153,"w1=0.45, w2=0.38, w3=0.17, w4=0.01",73805710.74,112511252.26
2024-01-10,0.892204,"w1=0.45, w2=0.38, w3=0.17, w4=0.01",73861336.12,113445830.01
2024-01-11,0.945862,"w1=0.45, w2=0.38, w3=0.17, w4=0.01",73690653.49,118383222.37
2024-01-12,0.912691,"w1=0.45, w2=0.38, w3=0.17, w4=0.01",73449269.83,114756381.37
2024-01-13,0.946371,"w1=0.45, w2=0.38, w3=0.17, w4=0.01",73344587.06,117877807.89
2024-01-14,0.865995,"w1=0.45, w2=0.38, w3=0.17, w4=0.01",73244324.19,110080359.37
2024-01-15,0.864866,"w1=0.45, w2=0.38, w3=0.17, w4=0.01",72737503.78,109216734.11
2024-01-16,0.874255,"w1=0.45, w2=0.38, w3=0.17, w4=0.01",72712126.07,110029658.35
2024-01-17,0.865705,"w1=0.45, w2=0.38, w3=0.17, w4=0.01",72639280.18,109144871.89
2024-01-18,0.741992,"w1=0.45, w2=0.38, w3=0.17, w4=0.01",89035209.01,120978771.52
2024-01-19,0.748424,"w1=0.45, w2=0.38, w3=0.17, w4=0.01",88970519.92,121514810.97
2024-01-20,0.756871,"w1=0.45, w2=0.38, w3=0.17, w4=0.01",88872382.18,122205860.79
2024-01-21,0.735498,"w1=0.45, w2=0.38, w3=0.17, w4=0.01",88793799.87,120026411.81
2024-01-22,0.733881,"w1=0.45, w2=0.38, w3=0.17, w4=0.01",88756442.89,119821197.9
2024-01-23,0.762979,"w1=0.45, w2=0.38, w3=0.17, w4=0.01",88749073.24,122636778.38
2024-01-24,0.790716,"w1=0.45, w2=0.38, w3=0.17, w4=0.01",88788223.61,125469176.99
2024-01-25,0.752306,"w1=0.45, w2=0.38, w3=0.17, w4=0.01",88757109.48,121601100.54
2024-01-26,0.753967,"w1=0.45, w2=0.38, w3=0.17, w4=0.01",88995782.29,122090645.97
2024-01-27,0.765836,"w1=0.45, w2=0.38, w3=0.17, w4=0.01",88979751.1,123238501.22
2024-01-28,0.746302,"w1=0.45, w2=0.38, w3=0.17, w4=0.01",88708693.37,120951495.78
2024-01-29,0.757768,"w1=0.45, w2=0.38, w3=0.17, w4=0.01",88791756.55,122182973.69
2024-01-30,0.760913,"w1=0.45, w2=0.38, w3=0.17, w4=0.01",88719196.5,122392011.82
2024-01-31,0.77855,"w1=0.45, w2=0.38, w3=0.17, w4=0.01",88773757.29,124220092.21
2024-02-01,0.775944,"w1=0.45, w2=0.38, w3=0.17, w4=0.01",88664662.48,123806665.68
2024-02-02,0.761917,"w1=0.45, w2=0.38, w3=0.17, w4=0.01",88595816.08,122320493.79
2024-02-03,0.759758,"w1=0.45, w2=0.38, w3=0.17, w4=0.01",88627420.62,122151960.87
2024-02-04,0.757142,"w1=0.45, w2=0.38, w3=0.17, w4=0.01",88564328.69,121808768.29
2024-02-05,0.763944,"w1=0.45, w2=0.38, w3=0.17, w4=0.01",88626085.64,122561928.39
2024-02-06,0.773848,"w1=0.45, w2=0.38, w3=0.17, w4=0.01",88641251.53,123564823.68
2024-02-07,0.815078,"w1=0.45, w2=0.38, w3=0.17, w4=0.01",88530066.11,127606725.05
2024-02-08,0.799909,"w1=0.45, w2=0.38, w3=0.17, w4=0.01",88507007.1,126008097.15
2024-02-09,0.785904,"w1=0.45, w2=0.38, w3=0.17, w4=0.01",88460474.63,124519858.84
2024-02-10,0.79416,"w1=0.45, w2=0.38, w3=0.17, w4=0.01",88391656.46,125258009.77
2024-02-11,0.781414,"w1=0.45, w2=0.38, w3=0.17, w4=0.01",88478776.53,124094160.34
2024-02-12,0.792753,"w1=0.45, w2=0.38, w3=0.17, w4=0.01",89485371.94,126663293.25
2024-02-13,0.803813,"w1=0.45, w2=0.38, w3=0.17, w4=0.01",89637317.03,128022880.94
2024-02-14,0.797813,"w1=0.45, w2=0.38, w3=0.17, w4=0.01",89613901.32,127367014.67
2024-02-15,0.81868,"w1=0.45, w2=0.38, w3=0.17, w4=0.01",89506695.93,129394162.04
2024-02-16,0.828049,"w1=0.45, w2=0.38, w3=0.17, w4=0.01",89478749.54,130348072.9
2024-02-17,0.81846,"w1=0.45, w2=0.38, w3=0.17, w4=0.01",89455271.52,129296599.37
2024-02-18,0.812186,"w1=0.45, w2=0.38, w3=0.17, w4=0.01",89387473.61,128539177.27
2024-02-19,0.815692,"w1=0.45, w2=0.38, w3=0.17, w4=0.01",89332598.52,128827989.63
2024-02-20,0.827029,"w1=0.45, w2=0.38, w3=0.17, w4=0.01",90123095.23,131177202.06
2024-02-21,0.863358,"w1=0.45, w2=0.38, w3=0.17, w4=0.01",90025883.22,135007319.12
2024-02-22,0.835887,"w1=0.45, w2=0.38, w3=0.17, w4=0.01",89863137.64,131751209.15
2024-02-23,0.828749,"w1=0.45, w2=0.38, w3=0.17, w4=0.01",89749622.84,130817586.47
2024-02-24,0.818056,"w1=0.45, w2=0.38, w3=0.17, w4=0.01",89826439.94,129790271.74
2024-02-25,0.812692,"w1=0.45, w2=0.38, w3=0.17, w4=0.01",89683970.94,129018734.32
2024-02-26,0.817336,"w1=0.45, w2=0.38, w3=0.17, w4=0.01",89560158.46,129329505.82
2024-02-27,0.82365,"w1=0.45, w2=0.38, w3=0.17, w4=0.01",89586226.95,130035972.43
2024-02-28,0.827426,"w1=0.45, w2=0.38, w3=0.17, w4=0.01",89509028.29,130325729.47
2024-02-29,0.845762,"w1=0.45, w2=0.38, w3=0.17, w4=0.01",89388312.6,132121881.3
2024-03-01,0.87725,"w1=0.45, w2=0.38, w3=0.17, w4=0.01",89483009.37,135744062.29
2024-03-02,0.846245,"w1=0.45, w2=0.38, w3=0.17, w4=0.01",89408463.04,132204148.51
2024-03-03,0.856759,"w1=0.45, w2=0.38, w3=0.17, w4=0.01",89310945.83,133207960.55
2024-03-04,0.886596,"w1=0.45, w2=0.38, w3=0.17, w4=0.01",89361017.99,136614058.52
2024-03-05,0.857344,"w1=0.45, w2=0.38, w3=0.17, w4=0.01",88928229.75,132701119.0
2024-03-06,0.91935,"w1=0.45, w2=0.38, w3=0.17, w4=0.01",88897377.05,139668141.66
2024-03-07,0.847665,"w1=0.45, w2=0.38, w3=0.17, w4=0.01",88895436.65,131599131.51
2024-03-08,0.81122,"w1=0.45, w2=0.38, w3=0.17, w4=0.01",88830276.06,127637421.58
2024-03-09,0.8078,"w1=0.45, w2=0.38, w3=0.17, w4=0.01",88512924.77,126827709.5
2024-03-10,0.791767,"w1=0.45, w2=0.38, w3=0.17, w4=0.01",88407597.3,125037759.88
2024-03-11,0.800901,"w1=0.45, w2=0.38, w3=0.17, w4=0.01",88296552.52,125809821.19
2024-03-12,0.823551,"w1=0.45, w2=0.38, w3=0.17, w4=0.01",88219431.85,128041684.11
2024-03-13,0.827919,"w1=0.45, w2=0.38, w3=0.17, w4=0.01",88112918.98,128344746.96
2024-03-14,0.80159,"w1=0.45, w2=0.38, w3=0.17, w4=0.01",87943411.54,125376821.48
2024-03-15,0.813958,"w1=0.45, w2=0.38, w3=0.17, w4=0.01",88118244.96,126897183.14
2024-03-16,0.828351,"w1=0.45, w2=0.38, w3=0.17, w4=0.01",87972794.4,128185949.93
2024-03-17,0.809885,"w1=0.45, w2=0.38, w3=0.17, w4=0.01",87971519.81,126266117.34
2024-03-18,0.802908,"w1=0.45, w2=0.38, w3=0.17, w4=0.01",87831849.04,125351985.95
2024-03-19,0.808841,"w1=0.45, w2=0.38, w3=0.17, w4=0.01",87734647.89,125819122.21
2024-03-20,0.843147,"w1=0.45, w2=0.38, w3=0.17, w4=0.01",87788859.65,129479245.65
2024-03-21,0.855695,"w1=0.45, w2=0.38, w3=0.17, w4=0.01",87800313.33,130840047.12
2024-03-22,0.805651,"w1=0.45, w2=0.38, w3=0.17, w4=0.01",87831227.39,125631032.22
2024-03-23,0.81858,"w1=0.45, w2=0.38, w3=0.17, w4=0.01",87936657.08,127114079.52
2024-03-24,0.785086,"w1=0.45, w2=0.38, w3=0.17, w4=0.01",87882593.71,123624558.99
2024-03-25,0.797505,"w1=0.45, w2=0.38, w3=0.17, w4=0.01",87931745.46,124944944.59
2024-03-26,0.791704,"w1=0.45, w2=0.38, w3=0.17, w4=0.01",88559371.16,125246022.93
2024-03-27,0.786613,"w1=0.45, w2=0.38, w3=0.17, w4=0.01",88546971.22,124713157.77
2024-03-28,0.794666,"w1=0.45, w2=0.38, w3=0.17, w4=0.01",88620240.73,125633484.17
2024-03-29,0.773551,"w1=0.45, w2=0.38, w3=0.17, w4=0.01",88533266.3,123384731.28
2024-03-30,0.767064,"w1=0.45, w2=0.38, w3=0.17, w4=0.01",88441500.7,122614169.37
2024-03-31,0.767733,"w1=0.45, w2=0.38, w3=0.17, w4=0.01",88492284.67,122750684.46
2024-04-01,0.765299,"w1=0.45, w2=0.38, w3=0.17, w4=0.01",87858703.55,121633249.67
2024-04-02,0.782284,"w1=0.45, w2=0.38, w3=0.17, w4=0.01",87853392.02,123303728.92
2024-04-03,0.805348,"w1=0.45, w2=0.38, w3=0.17, w4=0.01",87764313.74,125504381.68
2024-04-04,0.792048,"w1=0.45, w2=0.38, w3=0.17, w4=0.01",87633583.12,123971280.09
2024-04-05,0.790042,"w1=0.45, w2=0.38, w3=0.17, w4=0.01",87520023.89,123609525.76
2024-04-06,0.80207,"w1=0.45, w2=0.38, w3=0.17, w4=0.01",87566237.1,124887810.78
2024-04-07,0.78831,"w1=0.45, w2=0.38, w3=0.17, w4=0.01",87528083.95,123447604.76
2024-04-08,0.788478,"w1=0.45, w2=0.38, w3=0.17, w4=0.01",87529307.28,123466126.35
2024-04-09,0.808653,"w1=0.45, w2=0.38, w3=0.17, w4=0.01",87424661.84,125355385.83
2024-04-10,0.807092,"w1=0.45, w2=0.38, w3=0.17, w4=0.01",87453176.85,125237037.34
2024-04-11,0.803367,"w1=0.45, w2=0.38, w3=0.17, w4=0.01",87439930.45,124839223.65
2024-04-12,0.799179,"w1=0.45, w2=0.38, w3=0.17, w4=0.01",87362808.55,124305368.09
2024-04-13,0.866648,"w1=0.45, w2=0.38, w3=0.17, w4=0.01",87380343.63,131396546.39
2024-04-14,0.925712,"w1=0.45, w2=0.38, w3=0.17, w4=0.01",87382509.44,138021799.8
2024-04-15,0.870758,"w1=0.45, w2=0.38, w3=0.17, w4=0.01",87433944.86,131924694.2
2024-04-16,0.867032,"w1=0.45, w2=0.38, w3=0.17, w4=0.01",87473043.36,131577691.19
2024-04-17,0.864492,"w1=0.45, w2=0.38, w3=0.17, w4=0.01",87308271.1,131054524.97
2024-04-18,0.847461,"w1=0.45, w2=0.38, w3=0.17, w4=0.01",88034154.58,130302242.83
2024-04-19,0.838484,"w1=0.45, w2=0.38, w3=0.17, w4=0.01",88054305.71,129374515.98
2024-04-20,0.859095,"w1=0.45, w2=0.38, w3=0.17, w4=0.01",88209367.8,131818614.52
2024-04-21,0.839134,"w1=0.45, w2=0.38, w3=0.17, w4=0.01",88130297.71,129555250.73
2024-04-22,0.831835,"w1=0.45, w2=0.38, w3=0.17, w4=0.01",88071049.91,128695696.85
2024-04-23,0.846571,"w1=0.45, w2=0.38, w3=0.17, w4=0.01",88207736.99,130463653.74
2024-04-24,0.837787,"w1=0.45, w2=0.38, w3=0.17, w4=0.01",88182057.69,129488148.77
2024-04-25,0.854327,"w1=0.45, w2=0.38, w3=0.17, w4=0.01",88158125.71,131225260.08
2024-04-26,0.840998,"w1=0.45, w2=0.38, w3=0.17, w4=0.01",88133480.21,129758313.17
2024-04-27,0.840338,"w1=0.45, w2=0.38, w3=0.17, w4=0.01",88194089.48,129777210.62
2024-04-28,0.86387,"w1=0.45, w2=0.38, w3=0.17, w4=0.01",88295316.35,132468068.58
2024-04-29,0.873505,"w1=0.45, w2=0.38, w3=0.17, w4=0.01",87995713.72,133074480.81
2024-04-30,0.846083,"w1=0.45, w2=0.38, w3=0.17, w4=0.01",89849027.64,132837897.99
2024-05-01,0.851279,"w1=0.45, w2=0.38, w3=0.17, w4=0.01",89888205.58,133465095.85
2024-05-02,0.906421,"w1=0.45, w2=0.38, w3=0.17, w4=0.01",89953943.41,139809083.04
2024-05-03,0.855423,"w1=0.45, w2=0.38, w3=0.17, w4=0.01",89934444.98,133990293.22
2024-05-04,0.836291,"w1=0.45, w2=0.38, w3=0.17, w4=0.01",89945118.96,131915098.23
2024-05-05,0.827971,"w1=0.45, w2=0.38, w3=0.17, w4=0.01",89845344.33,130873755.92
2024-05-06,0.809446,"w1=0.45, w2=0.38, w3=0.17, w4=0.01",90084718.9,129252987.88
2024-05-07,0.815492,"w1=0.45, w2=0.38, w3=0.17, w4=0.01",90179819.12,130028566.78
2024-05-08,0.811181,"w1=0.45, w2=0.38, w3=0.17, w4=0.01",90061355.04,129402208.44
2024-05-09,0.806902,"w1=0.45, w2=0.38, w3=0.17, w4=0.01",90049386.85,128934993.25
2024-05-10,0.799885,"w1=0.45, w2=0.38, w3=0.17, w4=0.01",89690563.55,127690646.08
2024-05-11,0.808329,"w1=0.45, w2=0.38, w3=0.17, w4=0.01",89574704.01,128404386.45
2024-05-12,0.796963,"w1=0.45, w2=0.38, w3=0.17, w4=0.01",89528147.97,127157366.89
2024-05-13,0.79407,"w1=0.45, w2=0.38, w3=0.17, w4=0.01",89525380.25,126855326.52
2024-05-14,0.819651,"w1=0.45, w2=0.38, w3=0.17, w4=0.01",89510478.93,129502251.9
2024-05-15,0.820118,"w1=0.45, w2=0.38, w3=0.17, w4=0.01",89685404.96,129804822.01
2024-05-16,0.846945,"w1=0.45, w2=0.38, w3=0.17, w4=0.01",89710708.21,132727433.28
2024-05-17,0.831931,"w1=0.45, w2=0.38, w3=0.17, w4=0.01",90081005.12,131643138.03
2024-05-18,0.865698,"w1=0.45, w2=0.38, w3=0.17, w4=0.01",90167531.58,135481336.58
2024-05-19,0.836481,"w1=0.45, w2=0.38, w3=0.17, w4=0.01",90151378.06,132238204.18
2024-05-20,0.836023,"w1=0.45, w2=0.38, w3=0.17, w4=0.01",90115137.82,132135409.07
2024-05-21,0.873661,"w1=0.45, w2=0.38, w3=0.17, w4=0.01",90260120.84,136516535.35
2024-05-22,0.890158,"w1=0.45, w2=0.38, w3=0.17, w4=0.01",92102246.58,141222149.11
2024-05-23,0.874676,"w1=0.45, w2=0.38, w3=0.17, w4=0.01",92127087.04,139457427.92
2024-05-24,0.935376,"w1=0.45, w2=0.38, w3=0.17, w4=0.01",92162616.87,146757691.17
2024-05-25,0.85345,"w1=0.45, w2=0.38, w3=0.17, w4=0.01",92208691.7,137155495.36
2024-05-26,0.829802,"w1=0.45, w2=0.38, w3=0.17, w4=0.01",92203522.21,134510240.77
2024-05-27,0.829716,"w1=0.45, w2=0.38, w3=0.17, w4=0.01",92292869.57,134631105.27
2024-05-28,0.853422,"w1=0.45, w2=0.38, w3=0.17, w4=0.01",91509627.27,136112535.37
2024-05-29,0.855001,"w1=0.45, w2=0.38, w3=0.17, w4=0.01",91487195.13,136256294.26
2024-05-30,0.843126,"w1=0.45, w2=0.38, w3=0.17, w4=0.01",91506397.84,134959891.47
2024-05-31,0.843641,"w1=0.45, w2=0.38, w3=0.17, w4=0.01",91617738.87,135181286.72
2024-06-01,0.84,"w1=0.45, w2=0.38, w3=0.17, w4=0.01",91601800.05,134754248.71
2024-06-02,0.827774,"w1=0.45, w2=0.38, w3=0.17, w4=0.01",91523651.09,133296982.49
2024-06-03,0.837965,"w1=0.45, w2=0.38, w3=0.17, w4=0.01",91550933.4,134454700.18
2024-06-04,0.845831,"w1=0.45, w2=0.38, w3=0.17, w4=0.01",91537560.0,135306286.62
2024-06-05,0.843716,"w1=0.45, w2=0.38, w3=0.17, w4=0.01",91492905.57,135005414.88
2024-06-06,0.84595,"w1=0.45, w2=0.38, w3=0.17, w4=0.01",91623086.54,135445957.12
2024-06-07,0.838298,"w1=0.45, w2=0.38, w3=0.17, w4=0.01",92014800.08,135172874.68
2024-06-08,0.887726,"w1=0.45, w2=0.38, w3=0.17, w4=0.01",92057988.14,140869311.11
2024-06-09,0.858892,"w1=0.45, w2=0.38, w3=0.17, w4=0.01",92077123.42,137575487.54
2024-06-10,0.859244,"w1=0.45, w2=0.38, w3=0.17, w4=0.01",92034538.0,137551789.49
2024-06-11,0.860608,"w1=0.45, w2=0.38, w3=0.17, w4=0.01",92137133.32,137860170.47
2024-06-12,0.904815,"w1=0.45, w2=0.38, w3=0.17, w4=0.01",91992642.8,142786228.33
2024-06-13,0.874083,"w1=0.45, w2=0.38, w3=0.17, w4=0.01",91978806.23,139164621.75
2024-06-14,0.853417,"w1=0.45, w2=0.38, w3=0.17, w4=0.01",91920314.72,136722833.84
2024-06-15,0.86341,"w1=0.45, w2=0.38, w3=0.17, w4=0.01",91843238.31,137738629.7
2024-06-16,0.839539,"w1=0.45, w2=0.38, w3=0.17, w4=0.01",91807293.58,135005454.9
2024-06-17,0.83252,"w1=0.45, w2=0.38, w3=0.17, w4=0.01",91892473.37,134355203.56
2024-06-18,0.864209,"w1=0.45, w2=0.38, w3=0.17, w4=0.01",91702472.8,137618294.11
2024-06-19,0.880243,"w1=0.45, w2=0.38, w3=0.17, w4=0.01",91838845.84,139663878.76
2024-06-20,0.865262,"w1=0.45, w2=0.38, w3=0.17, w4=0.01",91820085.9,137914698.37
2024-06-21,0.867054,"w1=0.45, w2=0.38, w3=0.17, w4=0.01",91833776.37,138139654.32
2024-06-22,0.859461,"w1=0.45, w2=0.38, w3=0.17, w4=0.01",91695638.82,137069814.9
2024-06-23,0.842893,"w1=0.45, w2=0.38, w3=0.17, w4=0.01",91738252.23,135275951.94
2024-06-24,0.863523,"w1=0.45, w2=0.38, w3=0.17, w4=0.01",89867679.15,134788431.28
2024-06-25,0.898401,"w1=0.45, w2=0.38, w3=0.17, w4=0.01",89550269.67,138254156.29
2024-06-26,0.879177,"w1=0.45, w2=0.38, w3=0.17, w4=0.01",89527073.33,136027976.76
2024-06-27,0.874993,"w1=0.45, w2=0.38, w3=0.17, w4=0.01",89473482.64,135476090.81
2024-06-28,0.886009,"w1=0.45, w2=0.38, w3=0.17, w4=0.01",89470105.78,136714170.84
2024-06-29,0.876698,"w1=0.45, w2=0.38, w3=0.17, w4=0.01",89434109.06,135607847.89
2024-06-30,0.860008,"w1=0.45, w2=0.38, w3=0.17, w4=0.01",89541378.2,133909964.68
2024-07-01,0.866141,"w1=0.45, w2=0.38, w3=0.17, w4=0.01",89447407.48,134448515.46
2024-07-02,0.876362,"w1=0.45, w2=0.38, w3=0.17, w4=0.01",89361238.49,135459644.39
2024-07-03,0.867375,"w1=0.45, w2=0.38, w3=0.17, w4=0.01",89475138.26,134627419.44
2024-07-04,0.886125,"w1=0.45, w2=0.38, w3=0.17, w4=0.01",89321546.33,136500313.37
2024-07-05,0.946118,"w1=0.45, w2=0.38, w3=0.17, w4=0.01",89145120.45,143241542.27
2024-07-06,0.980311,"w1=0.45, w2=0.38, w3=0.17, w4=0.01",89045778.22,147280474.75
2024-07-07,0.88766,"w1=0.45, w2=0.38, w3=0.17, w4=0.01",89046442.19,136253501.6
2024-07-08,0.880124,"w1=0.45, w2=0.38, w3=0.17, w4=0.01",89013252.87,135353503.33
2024-07-09,0.918654,"w1=0.45, w2=0.38, w3=0.17, w4=0.01",89124658.75,139943672.63
2024-07-10,0.891695,"w1=0.45, w2=0.38, w3=0.17, w4=0.01",89099698.83,136792971.99
2024-07-11,0.892571,"w1=0.45, w2=0.38, w3=0.17, w4=0.01",89076414.1,136856888.29
2024-07-12,0.857821,"w1=0.45, w2=0.38, w3=0.17, w4=0.01",92518029.94,138112223.63
2024-07-13,0.868777,"w1=0.45, w2=0.38, w3=0.17, w4=0.01",92943666.36,140008465.28
2024-07-14,0.841803,"w1=0.45, w2=0.38, w3=0.17, w4=0.01",92859199.63,136806356.45
2024-07-15,0.84935,"w1=0.45, w2=0.38, w3=0.17, w4=0.01",92797880.88,137566785.45
2024-07-16,0.871294,"w1=0.45, w2=0.38, w3=0.17, w4=0.01",92946179.66,140304029.97
2024-07-17,0.877308,"w1=0.45, w2=0.38, w3=0.17, w4=0.01",93026950.39,141126937.06
2024-07-18,0.845922,"w1=0.45, w2=0.38, w3=0.17, w4=0.01",93064894.96,137574208.68
2024-07-19,0.833798,"w1=0.45, w2=0.38, w3=0.17, w4=0.01",93015735.11,136140002.31
2024-07-20,0.8421,"w1=0.45, w2=0.38, w3=0.17, w4=0.01",92955663.19,136981879.73
2024-07-21,0.816905,"w1=0.45, w2=0.38, w3=0.17, w4=0.01",92890190.72,134091078.31
2024-07-22,0.830371,"w1=0.45, w2=0.38, w3=0.17, w4=0.01",93188485.58,136010492.34
2024-07-23,0.825224,"w1=0.45, w2=0.38, w3=0.17, w4=0.01",93171699.85,135414488.65
2024-07-24,0.853634,"w1=0.45, w2=0.38, w3=0.17, w4=0.01",93043967.81,138418900.22
2024-07-25,0.824914,"w1=0.45, w2=0.38, w3=0.17, w4=0.01",93120682.16,135306038.78
2024-07-26,0.857644,"w1=0.45, w2=0.38, w3=0.17, w4=0.01",93165679.13,139058747.38
2024-07-27,0.829149,"w1=0.45, w2=0.38, w3=0.17, w4=0.01",93148779.86,135816601.0
2024-07-28,0.827745,"w1=0.45, w2=0.38, w3=0.17, w4=0.01",93148485.0,135660205.87
2024-07-29,0.818779,"w1=0.45, w2=0.38, w3=0.17, w4=0.01",93228619.02,134785602.95
2024-07-30,0.834279,"w1=0.45, w2=0.38, w3=0.17, w4=0.01",93425277.44,136793333.06
2024-07-31,0.831429,"w1=0.45, w2=0.38, w3=0.17, w4=0.01",93571168.02,136687400.15
2024-08-01,0.860961,"w1=0.45, w2=0.38, w3=0.17, w4=0.01",93684696.02,140216547.99
2024-08-02,0.858012,"w1=0.45, w2=0.38, w3=0.17, w4=0.01",93417993.02,139477666.37
2024-08-03,0.878648,"w1=0.45, w2=0.38, w3=0.17, w4=0.01",93410284.57,141865929.76
2024-08-04,0.876993,"w1=0.45, w2=0.38, w3=0.17, w4=0.01",93350279.19,141580487.72
2024-08-05,0.87557,"w1=0.45, w2=0.38, w3=0.17, w4=0.01",93392725.92,141477994.86
2024-08-06,1.043764,"w1=0.45, w2=0.38, w3=0.17, w4=0.01",93466317.97,163212933.54
2024-08-07,0.903147,"w1=0.45, w2=0.38, w3=0.17, w4=0.01",93544392.86,144992923.43
2024-08-08,0.871502,"w1=0.45, w2=0.38, w3=0.17, w4=0.01",93565620.84,141263396.6
2024-08-09,0.866135,"w1=0.45, w2=0.38, w3=0.17, w4=0.01",93756790.99,140925256.8
2024-08-10,0.854958,"w1=0.45, w2=0.38, w3=0.17, w4=0.01",93760926.39,139637724.43
2024-08-11,0.836131,"w1=0.45, w2=0.38, w3=0.17, w4=0.01",93802967.7,137555038.26
2024-08-12,0.854786,"w1=0.45, w2=0.38, w3=0.17, w4=0.01",93763961.93,139622456.88
2024-08-13,0.882166,"w1=0.45, w2=0.38, w3=0.17, w4=0.01",93727089.06,142762937.48
2024-08-14,0.849053,"w1=0.45, w2=0.38, w3=0.17, w4=0.01",93598316.3,138719477.18
2024-08-15,0.853091,"w1=0.45, w2=0.38, w3=0.17, w4=0.01",93635648.56,139236842.48
2024-08-16,0.868652,"w1=0.45, w2=0.38, w3=0.17, w4=0.01",93595450.05,140975728.22
2024-08-17,0.859638,"w1=0.45, w2=0.38, w3=0.17, w4=0.01",93616514.74,139961640.99
2024-08-18,0.849049,"w1=0.45, w2=0.38, w3=0.17, w4=0.01",93602799.51,138725665.09
2024-08-19,0.841681,"w1=0.45, w2=0.38, w3=0.17, w4=0.01",94643446.01,139421058.39
2024-08-20,0.858602,"w1=0.45, w2=0.38, w3=0.17, w4=0.01",94636174.6,141365235.57
2024-08-21,0.840361,"w1=0.45, w2=0.38, w3=0.17, w4=0.01",94632018.16,139253223.22
2024-08-22,0.855605,"w1=0.45, w2=0.38, w3=0.17, w4=0.01",92140996.58,137298350.61
2024-08-23,0.852127,"w1=0.45, w2=0.38, w3=0.17, w4=0.01",92116210.8,136868735.6
2024-08-24,0.868222,"w1=0.45, w2=0.38, w3=0.17, w4=0.01",92133892.01,138724967.85
2024-08-25,0.853368,"w1=0.45, w2=0.38, w3=0.17, w4=0.01",92119526.8,137013613.4
2024-08-26,0.853685,"w1=0.45, w2=0.38, w3=0.17, w4=0.01",92172616.36,137128375.49
2024-08-27,0.853792,"w1=0.45, w2=0.38, w3=0.17, w4=0.01",92133476.06,137082226.5
2024-08-28,0.890364,"w1=0.45, w2=0.38, w3=0.17, w4=0.01",92170397.75,141350849.0
2024-08-29,0.888667,"w1=0.45, w2=0.38, w3=0.17, w4=0.01",92307798.24,141362050.91
2024-08-30,0.842693,"w1=0.45, w2=0.38, w3=0.17, w4=0.01",96919994.58,142893400.41
2024-08-31,0.837217,"w1=0.45, w2=0.38, w3=0.17, w4=0.01",97025412.98,142407292.65
2024-09-01,0.80677,"w1=0.45, w2=0.38, w3=0.17, w4=0.01",97001934.77,138874908.81
2024-09-02,0.819859,"w1=0.45, w2=0.38, w3=0.17, w4=0.01",96783939.89,140049156.63
2024-09-03,0.825294,"w1=0.45, w2=0.38, w3=0.17, w4=0.01",96746344.69,140617877.83
2024-09-04,0.819523,"w1=0.45, w2=0.38, w3=0.17, w4=0.01",96740198.88,139947461.77
2024-09-05,0.842264,"w1=0.45, w2=0.38, w3=0.17, w4=0.01",96580575.96,142342816.27
2024-09-06,0.835488,"w1=0.45, w2=0.38, w3=0.17, w4=0.01",96505738.28,141443857.11
2024-09-07,0.865058,"w1=0.45, w2=0.38, w3=0.17, w4=0.01",96509530.57,144933865.38
2024-09-08,0.839579,"w1=0.45, w2=0.38, w3=0.17, w4=0.01",96506010.03,141919721.31
2024-09-09,0.843932,"w1=0.45, w2=0.38, w3=0.17, w4=0.01",96449746.37,142344906.95
2024-09-10,0.833098,"w1=0.45, w2=0.38, w3=0.17, w4=0.01",96433178.68,141060915.25
2024-09-11,0.840599,"w1=0.45, w2=0.38, w3=0.17, w4=0.01",96402362.36,141886045.06
2024-09-12,0.842024,"w1=0.45, w2=0.38, w3=0.17, w4=0.01",96551514.37,142271939.16
2024-09-13,0.83392,"w1=0.45, w2=0.38, w3=0.17, w4=0.01",96538989.26,141310847.32
2024-09-14,0.832763,"w1=0.45, w2=0.38, w3=0.17, w4=0.01",96491954.82,141108155.77
2024-09-15,0.826257,"w1=0.45, w2=0.38, w3=0.17, w4=0.01",96486596.71,140350833.41
2024-09-16,0.829262,"w1=0.45, w2=0.38, w3=0.17, w4=0.01",96501088.42,140717486.48
2024-09-17,0.840002,"w1=0.45, w2=0.38, w3=0.17, w4=0.01",96511773.15,141977481.08
2024-09-18,0.852624,"w1=0.45, w2=0.38, w3=0.17, w4=0.01",96431221.88,143338742.57
2024-09-19,0.852897,"w1=0.45, w2=0.38, w3=0.17, w4=0.01",96513438.94,143493208.73
2024-09-20,0.86144,"w1=0.45, w2=0.38, w3=0.17, w4=0.01",96481496.78,144459573.13
2024-09-21,0.863826,"w1=0.45, w2=0.38, w3=0.17, w4=0.01",96486039.19,144751220.99
2024-09-22,0.850345,"w1=0.45, w2=0.38, w3=0.17, w4=0.01",96489241.06,143156150.19
2024-09-23,0.850333,"w1=0.45, w2=0.38, w3=0.17, w4=0.01",96600230.7,143319404.42
2024-09-24,0.857289,"w1=0.45, w2=0.38, w3=0.17, w4=0.01",96571923.69,144100712.29
2024-09-25,0.860574,"w1=0.45, w2=0.38, w3=0.17, w4=0.01",96553128.98,144463550.34
2024-09-26,0.853538,"w1=0.45, w2=0.38, w3=0.17, w4=0.01",96571826.14,143655836.4
2024-09-27,0.86138,"w1=0.45, w2=0.38, w3=0.17, w4=0.01",96485931.78,144459060.05
2024-09-28,0.908117,"w1=0.45, w2=0.38, w3=0.17, w4=0.01",96473587.16,150154523.71
2024-09-29,0.878197,"w1=0.45, w2=0.38, w3=0.17, w4=0.01",96423332.19,146387236.13
2024-09-30,0.896464,"w1=0.45, w2=0.38, w3=0.17, w4=0.01",96085507.81,148104648.42
2024-10-01,0.917184,"w1=0.45, w2=0.38, w3=0.17, w4=0.01",96078504.58,150677138.7
2024-10-02,0.94016,"w1=0.45, w2=0.38, w3=0.17, w4=0.01",96022857.39,153520946.43
2024-10-03,0.918827,"w1=0.45, w2=0.38, w3=0.17, w4=0.01",95990050.24,150745547.62
2024-10-04,0.92301,"w1=0.45, w2=0.38, w3=0.17, w4=0.01",96014791.16,151313536.73
2024-10-05,0.904082,"w1=0.45, w2=0.38, w3=0.17, w4=0.01",95738246.34,148509131.45
2024-10-06,0.88847,"w1=0.45, w2=0.38, w3=0.17, w4=0.01",95716910.94,146558844.05
2024-10-07,0.884491,"w1=0.45, w2=0.38, w3=0.17, w4=0.01",95770622.34,146157316.6
2024-10-08,0.907303,"w1=0.45, w2=0.38, w3=0.17, w4=0.01",95682096.58,148821461.02
2024-10-09,0.870097,"w1=0.45, w2=0.38, w3=0.17, w4=0.01",99118293.62,149472873.98
2024-10-10,0.872844,"w1=0.45, w2=0.38, w3=0.17, w4=0.01",100267291.4,151549646.61
2024-10-11,0.865707,"w1=0.45, w2=0.38, w3=0.17, w4=0.01",99681618.43,149777853.3
2024-10-12,0.867525,"w1=0.45, w2=0.38, w3=0.17, w4=0.01",100498371.7,151232110.71
2024-10-13,0.848899,"w1=0.45, w2=0.38, w3=0.17, w4=0.01",100379230.6,148750435.38
2024-10-14,0.848445,"w1=0.45, w2=0.38, w3=0.17, w4=0.01",100416737.0,148750449.75
2024-10-15,0.859888,"w1=0.45, w2=0.38, w3=0.17, w4=0.01",100286017.3,149963825.37
2024-10-16,0.867811,"w1=0.45, w2=0.38, w3=0.17, w4=0.01",100215734.4,150842448.07
2024-10-17,0.862953,"w1=0.45, w2=0.38, w3=0.17, w4=0.01",100123192.5,150099548.61
2024-10-18,0.852161,"w1=0.45, w2=0.38, w3=0.17, w4=0.01",100045105.5,148653861.36
2024-10-19,0.847292,"w1=0.45, w2=0.38, w3=0.17, w4=0.01",100014220.1,148013758.63
2024-10-20,0.833361,"w1=0.45, w2=0.38, w3=0.17, w4=0.01",99910455.15,146178918.2
2024-10-21,0.857834,"w1=0.45, w2=0.38, w3=0.17, w4=0.01",99597610.78,148682315.79
2024-10-22,0.835437,"w1=0.45, w2=0.38, w3=0.17, w4=0.01",103099325.5,151101445.19
2024-10-23,0.827427,"w1=0.45, w2=0.38, w3=0.17, w4=0.01",104038775.9,151481260.77
2024-10-24,0.863038,"w1=0.45, w2=0.38, w3=0.17, w4=0.01",104069060.1,156025939.99
2024-10-25,0.853527,"w1=0.45, w2=0.38, w3=0.17, w4=0.01",104015724.2,154727637.18
2024-10-26,0.888574,"w1=0.45, w2=0.38, w3=0.17, w4=0.01",104125044.0,159446901.16
2024-10-27,0.870646,"w1=0.45, w2=0.38, w3=0.17, w4=0.01",104192399.7,157196121.4
2024-10-28,0.834696,"w1=0.45, w2=0.38, w3=0.17, w4=0.01",104209804.2,152636204.06
2024-10-29,0.863388,"w1=0.45, w2=0.38, w3=0.17, w4=0.01",103977222.3,155933307.91
2024-10-30,0.89707,"w1=0.45, w2=0.38, w3=0.17, w4=0.01",104020752.0,160416821.75
2024-10-31,0.887417,"w1=0.45, w2=0.38, w3=0.17, w4=0.01",104355322.8,159645999.48
2024-11-01,0.883574,"w1=0.45, w2=0.38, w3=0.17, w4=0.01",104495267.2,159350832.86
2024-11-02,0.900313,"w1=0.45, w2=0.38, w3=0.17, w4=0.01",104336123.9,161338412.44
2024-11-03,0.900555,"w1=0.45, w2=0.38, w3=0.17, w4=0.01",104532690.5,161674970.51
2024-11-04,0.909306,"w1=0.45, w2=0.38, w3=0.17, w4=0.01",104349368.0,162573961.69
2024-11-05,0.906765,"w1=0.45, w2=0.38, w3=0.17, w4=0.01",105595617.9,164166960.95
2024-11-06,0.886161,"w1=0.45, w2=0.38, w3=0.17, w4=0.01",105627446.7,161423656.43
2024-11-07,0.939356,"w1=0.45, w2=0.38, w3=0.17, w4=0.01",105666767.9,168825369.21
2024-11-08,0.918107,"w1=0.45, w2=0.38, w3=0.17, w4=0.01",106307039.9,166847071.64
2024-11-09,0.889371,"w1=0.45, w2=0.38, w3=0.17, w4=0.01",106311596.8,162903028.01
2024-11-10,0.913619,"w1=0.45, w2=0.38, w3=0.17, w4=0.01",106194359.2,166045724.42
2024-11-11,1.028792,"w1=0.45, w2=0.38, w3=0.17, w4=0.01",105929217.4,182609988.42
2024-11-12,0.99943,"w1=0.45, w2=0.38, w3=0.17, w4=0.01",105961244.9,178133262.77
2024-11-13,1.040859,"w1=0.45, w2=0.38, w3=0.17, w4=0.01",105971139.5,184586896.72
2024-11-14,1.010423,"w1=0.45, w2=0.38, w3=0.17, w4=0.01",106015541.5,179905377.07
2024-11-15,0.952699,"w1=0.45, w2=0.38, w3=0.17, w4=0.01",105907309.6,171122482.71
2024-11-16,0.901673,"w1=0.45, w2=0.38, w3=0.17, w4=0.01",105267288.5,162962911.86
2024-11-17,0.920966,"w1=0.45, w2=0.38, w3=0.17, w4=0.01",105243116.7,165573086.26
2024-11-18,0.932033,"w1=0.45, w2=0.38, w3=0.17, w4=0.01",105202049.0,167051624.94
2024-11-19,0.91466,"w1=0.45, w2=0.38, w3=0.17, w4=0.01",105156734.4,164566463.77
2024-11-20,0.87855,"w1=0.45, w2=0.38, w3=0.17, w4=0.01",105123083.3,159641657.1
2024-11-21,0.90351,"w1=0.45, w2=0.38, w3=0.17, w4=0.01",104486181.4,162001623.88
2024-11-22,1.04937,"w1=0.45, w2=0.38, w3=0.17, w4=0.01",104598570.3,183536810.05
2024-11-23,1.019215,"w1=0.45, w2=0.38, w3=0.17, w4=0.01",104491399.5,178658116.37
2024-11-24,0.978219,"w1=0.45, w2=0.38, w3=0.17, w4=0.01",104610277.8,172716918.04
2024-11-25,0.923186,"w1=0.45, w2=0.38, w3=0.17, w4=0.01",104476420.7,164672838.37
2024-11-26,0.984121,"w1=0.45, w2=0.38, w3=0.17, w4=0.01",104333549.2,173125686.62
2024-11-27,0.92148,"w1=0.45, w2=0.38, w3=0.17, w4=0.01",104240738.0,164066712.92
2024-11-28,0.906262,"w1=0.45, w2=0.38, w3=0.17, w4=0.01",103760796.7,161246706.39
2024-11-29,0.905827,"w1=0.45, w2=0.38, w3=0.17, w4=0.01",103690143.2,161078428.92
2024-11-30,0.83446,"w1=0.45, w2=0.38, w3=0.17, w4=0.01",104105543.4,152453998.83
2024-12-01,0.959578,"w1=0.45, w2=0.38, w3=0.17, w4=0.01",104721724.31083363,170192618.71
2024-12-02,1.086143,"w1=0.45, w2=0.38, w3=0.17, w4=0.01",104637488.60750312,189543530.18
2024-12-03,1.089086,"w1=0.45, w2=0.38, w3=0.17, w4=0.01",104624335.69349736,190005148.58
2024-12-04,1.052075,"w1=0.45, w2=0.38, w3=0.17, w4=0.01",104675042.1636807,184100005.61
2024-12-05,1.029808,"w1=0.45, w2=0.38, w3=0.17, w4=0.01",104781360.70288068,180788834.97
2024-12-06,1.028159,"w1=0.45, w2=0.38, w3=0.17, w4=0.01",104934570.24650478,180797069.7
2024-12-07,1.002517,"w1=0.45, w2=0.38, w3=0.17, w4=0.01",105126454.04385924,177195935.98
2024-12-08,0.969997,"w1=0.45, w2=0.38, w3=0.17, w4=0.01",105349472.85686173,172728907.34
2024-12-09,0.960374,"w1=0.45, w2=0.38, w3=0.17, w4=0.01",105596938.1587541,171730504.9
2024-12-10,0.909592,"w1=0.45, w2=0.38, w3=0.17, w4=0.01",105862981.56962362,164971536.51
2024-12-11,0.94416,"w1=0.45, w2=0.38, w3=0.17, w4=0.01",106142412.22216906,170272351.42
2024-12-12,0.998892,"w1=0.45, w2=0.38, w3=0.17, w4=0.01",106430696.3853814,178840394.81
2024-12-13,1.055357,"w1=0.45, w2=0.38, w3=0.17, w4=0.01",106723860.67702812,188235845.85
2024-12-14,1.05602,"w1=0.45, w2=0.38, w3=0.17, w4=0.01",107018502.2518126,188863606.67
2024-12-15,1.009605,"w1=0.45, w2=0.38, w3=0.17, w4=0.01",107311697.10793802,181977619.83
2024-12-16,0.986356,"w1=0.45, w2=0.38, w3=0.17, w4=0.01",107600979.71078832,178887055.23
2024-12-17,0.983846,"w1=0.45, w2=0.38, w3=0.17, w4=0.01",107884312.4284493,178975804.99
2024-12-18,0.97819,"w1=0.45, w2=0.38, w3=0.17, w4=0.01",108160044.77907056,178573369.41
2024-12-19,0.974326,"w1=0.45, w2=0.38, w3=0.17, w4=0.01",108426893.0545462,178428069.05
2024-12-20,0.946424,"w1=0.45, w2=0.38, w3=0.17, w4=0.01",108683848.62707868,174682092.25
2024-12-21,0.919736,"w1=0.45, w2=0.38, w3=0.17, w4=0.01",108930249.2662959,171197432.74
2024-12-22,0.919269,"w1=0.45, w2=0.38, w3=0.17, w4=0.01",109165595.75237893,171500246.37
2024-12-23,0.989284,"w1=0.45, w2=0.38, w3=0.17, w4=0.01",109389643.56949806,182314221.32
2024-12-24,1.025707,"w1=0.45, w2=0.38, w3=0.17, w4=0.01",109602290.83605756,188442430.33
2024-12-25,1.028779,"w1=0.45, w2=0.38, w3=0.17, w4=0.01",109803619.05733408,189286906.31
2024-12-26,1.015259,"w1=0.45, w2=0.38, w3=0.17, w4=0.01",109993770.86756147,187430057.85
2024-12-27,1.000748,"w1=0.45, w2=0.38, w3=0.17, w4=0.01",110173000.97072914,185422054.16
2024-12-28,0.992839,"w1=0.45, w2=0.38, w3=0.17, w4=0.01",110341676.14058156,184458279.57
2024-12-29,0.979834,"w1=0.45, w2=0.38, w3=0.17, w4=0.01",110500142.77454412,182691684.09
2024-12-30,0.952281,"w1=0.45, w2=0.38, w3=0.17, w4=0.01",110648838.9634784,178720689.52
2024-12-31,0.927139,"w1=0.45, w2=0.38, w3=0.17, w4=0.01",109009289.00824532,172387736.59
2025-01-01,0.942692,"w1=0.45, w2=0.38, w3=0.17, w4=0.01",108992040.45409216,174627721.88
2025-01-02,0.984537,"w1=0.45, w2=0.38, w3=0.17, w4=0.01",108844098.18896613,180674128.42
2025-01-03,1.064854,"w1=0.45, w2=0.38, w3=0.17, w4=0.01",108661169.78387427,193232272.19
2025-01-04,1.11272,"w1=0.45, w2=0.38, w3=0.17, w4=0.01",108481460.83720684,201110455.36
2025-01-05,1.096516,"w1=0.45, w2=0.38, w3=0.17, w4=0.01",108327028.71443424,198005552.86
2025-01-06,1.060629,"w1=0.45, w2=0.38, w3=0.17, w4=0.01",108208234.77383997,191725089.9
2025-01-07,1.045316,"w1=0.45, w2=0.38, w3=0.17, w4=0.01",108128023.39353988,189068103.82
2025-01-08,1.034152,"w1=0.45, w2=0.38, w3=0.17, w4=0.01",108085110.86542812,187186280.99
2025-01-09,1.010985,"w1=0.45, w2=0.38, w3=0.17, w4=0.01",108075768.3231018,183489670.05
2025-01-10,1.005171,"w1=0.45, w2=0.38, w3=0.17, w4=0.01",108095248.08420096,182613262.03
2025-01-11,0.975617,"w1=0.45, w2=0.38, w3=0.17, w4=0.01",108138435.69262113,178148335.1
2025-01-12,0.950863,"w1=0.45, w2=0.38, w3=0.17, w4=0.01",108200461.20808752,174557132.44
2025-01-13,1.018048,"w1=0.45, w2=0.38, w3=0.17, w4=0.01",108276801.08775072,184945399.84
2025-01-14,1.082926,"w1=0.45, w2=0.38, w3=0.17, w4=0.01",108363522.70201647,195745197.34
2025-01-15,1.078764,"w1=0.45, w2=0.38, w3=0.17, w4=0.01",108457253.77006686,195208013.65
2025-01-16,1.052576,"w1=0.45, w2=0.38, w3=0.17, w4=0.01",108555172.1717008,191006833.33
2025-01-17,1.037198,"w1=0.45, w2=0.38, w3=0.17, w4=0.01",108654955.00653616,188666561.44
2025-01-18,1.044728,"w1=0.45, w2=0.38, w3=0.17, w4=0.01",108754778.59400985,190067723.37
2025-01-19,1.040368,"w1=0.45, w2=0.38, w3=0.17, w4=0.01",108853186.02730316,189526914.73
2025-01-20,1.021079,"w1=0.45, w2=0.38, w3=0.17, w4=0.01",108949066.79702295,186577513.76
2025-01-21,0.999246,"w1=0.45, w2=0.38, w3=0.17, w4=0.01",109041626.22672272,183282981.64
2025-01-22,0.972883,"w1=0.45, w2=0.38, w3=0.17, w4=0.01",109130263.21498775,179365957.92
2025-01-23,0.951341,"w1=0.45, w2=0.38, w3=0.17, w4=0.01",109214600.79991396,176264269.43
2025-01-24,1.027106,"w1=0.45, w2=0.38, w3=0.17, w4=0.01",109294425.03015035,188138791.42
2025-01-25,1.097599,"w1=0.45, w2=0.38, w3=0.17, w4=0.01",109369623.83594164,200099910.95
2025-01-26,1.103359,"w1=0.45, w2=0.38, w3=0.17, w4=0.01",109440207.4054474,201236754.54
2025-01-27,1.079673,"w1=0.45, w2=0.38, w3=0.17, w4=0.01",109506206.30314636,197251504.49
2025-01-28,1.059384,"w1=0.45, w2=0.38, w3=0.17, w4=0.01",109567793.7277512,193925215.07
2025-01-29,1.054556,"w1=0.45, w2=0.38, w3=0.17, w4=0.01",109625112.31349592,193219318.88
2025-01-30,1.018475,"w1=0.45, w2=0.38, w3=0.17, w4=0.01",111651985.53112808,190780237.65
2025-01-31,0.993947,"w1=0.45, w2=0.38, w3=0.17, w4=0.01",111856237.75420135,187166713.06
2025-02-01,1.014297,"w1=0.45, w2=0.38, w3=0.17, w4=0.01",112142280.52230816,190933881.81
2025-02-02,0.971015,"w1=0.45, w2=0.38, w3=0.17, w4=0.01",112395028.38493793,184439672.86
2025-02-03,0.993838,"w1=0.45, w2=0.38, w3=0.17, w4=0.01",112679379.918556,188526555.34
2025-02-04,1.084393,"w1=0.45, w2=0.38, w3=0.17, w4=0.01",112996781.8418214,204374835.37
2025-02-05,1.121786,"w1=0.45, w2=0.38, w3=0.17, w4=0.01",113344524.10428832,211798562.05
2025-02-06,1.107345,"w1=0.45, w2=0.38, w3=0.17, w4=0.01",113716677.19708665,209828661.24
2025-02-07,1.078699,"w1=0.45, w2=0.38, w3=0.17, w4=0.01",114106129.78483598,205363624.99
2025-02-08,1.068631,"w1=0.45, w2=0.38, w3=0.17, w4=0.01",114505831.66111344,204292536.04
2025-02-09,1.071334,"w1=0.45, w2=0.38, w3=0.17, w4=0.01",114909323.53275122,205492889.11
2025-02-10,1.057283,"w1=0.45, w2=0.38, w3=0.17, w4=0.01",115310900.03038968,203719903.53
2025-02-11,1.043429,"w1=0.45, w2=0.38, w3=0.17, w4=0.01",115705854.2243072,201989818.48
2025-02-12,1.018331,"w1=0.45, w2=0.38, w3=0.17, w4=0.01",116090314.61386693,198339567.62
2025-02-13,0.991381,"w1=0.45, w2=0.38, w3=0.17, w4=0.01",116461285.88015504,194446901.28
2025-02-14,0.992509,"w1=0.45, w2=0.38, w3=0.17, w4=0.01",116816526.62806596,195227424.4
2025-02-15,1.080613,"w1=0.45, w2=0.38, w3=0.17, w4=0.01",117154447.50470676,211200369.49
2025-02-16,1.112954,"w1=0.45, w2=0.38, w3=0.17, w4=0.01",117474050.07043944,217826072.92
2025-02-17,1.097684,"w1=0.45, w2=0.38, w3=0.17, w4=0.01",117774784.16464718,215493735.02
2025-02-18,1.073269,"w1=0.45, w2=0.38, w3=0.17, w4=0.01",118056507.153096,211475274.03
2025-02-19,1.064256,"w1=0.45, w2=0.38, w3=0.17, w4=0.01",118319443.17529649,210298775.41
2025-02-20,1.061607,"w1=0.45, w2=0.38, w3=0.17, w4=0.01",118564020.13395056,210251306.61
2025-02-21,1.04621,"w1=0.45, w2=0.38, w3=0.17, w4=0.01",118790828.94231334,207872687.54
2025-02-22,1.026722,"w1=0.45, w2=0.38, w3=0.17, w4=0.01",119000684.6531505,204779606.33
2025-02-23,1.003829,"w1=0.45, w2=0.38, w3=0.17, w4=0.01",119194402.31922768,201133287.73
2025-02-24,0.967889,"w1=0.45, w2=0.38, w3=0.17, w4=0.01",119372898.87490624,195372313.4
2025-02-25,0.974205,"w1=0.45, w2=0.38, w3=0.17, w4=0.01",119537193.13614324,196691075.29
2025-02-26,1.066986,"w1=0.45, w2=0.38, w3=0.17, w4=0.01",119688140.90834264,213234558.96
2025-02-27,1.105589,"w1=0.45, w2=0.38, w3=0.17, w4=0.01",119826720.25482322,220764297.82
2025-02-28,1.0924,"w1=0.45, w2=0.38, w3=0.17, w4=0.01",119953848.10994634,218473469.68
2025-03-01,1.117178,"w1=0.45, w2=0.38, w3=0.17, w4=0.01",119642569.27058291,222667713.33
2025-03-02,1.111105,"w1=0.45, w2=0.38, w3=0.17, w4=0.01",119658157.15472607,221517840.5
2025-03-03,1.110905,"w1=0.45, w2=0.38, w3=0.17, w4=0.01",119669303.00129645,221499777.95
2025-03-04,1.091414,"w1=0.45, w2=0.38, w3=0.17, w4=0.01",119697931.72969007,217820432.28
2025-03-05,1.068886,"w1=0.45, w2=0.38, w3=0.17, w4=0.01",119755077.1167221,213705014.74
2025-03-06,1.047247,"w1=0.45, w2=0.38, w3=0.17, w4=0.01",119843439.02467872,209902147.8
2025-03-07,1.005245,"w1=0.45, w2=0.38, w3=0.17, w4=0.01",119961051.13876282,202671843.65
2025-03-08,1.016729,"w1=0.45, w2=0.38, w3=0.17, w4=0.01",120103736.31355038,204915184.99
2025-03-09,1.104097,"w1=0.45, w2=0.38, w3=0.17, w4=0.01",120266369.90477738,221286095.94
2025-03-10,1.148309,"w1=0.45, w2=0.38, w3=0.17, w4=0.01",120443674.44578616,230364823.17
2025-03-11,1.133456,"w1=0.45, w2=0.38, w3=0.17, w4=0.01",120630708.67918496,227730907.43
2025-03-12,1.097367,"w1=0.45, w2=0.38, w3=0.17, w4=0.01",120823081.5081988,221010203.54
2025-03-13,1.076218,"w1=0.45, w2=0.38, w3=0.17, w4=0.01",121017094.63090353,217333493.61
2025-03-14,1.076008,"w1=0.45, w2=0.38, w3=0.17, w4=0.01",121209620.28231092,217639612.44
2025-03-15,1.054895,"w1=0.45, w2=0.38, w3=0.17, w4=0.01",121398223.49228364,214032594.96
2025-03-16,1.028032,"w1=0.45, w2=0.38, w3=0.17, w4=0.01",121580958.3223436,209455140.27
2025-03-17,0.999884,"w1=0.45, w2=0.38, w3=0.17, w4=0.01",121756428.99462964,204766089.13
2025-03-18,0.967882,"w1=0.45, w2=0.38, w3=0.17, w4=0.01",121923637.06950387,199545810.38
2025-03-19,1.034051,"w1=0.45, w2=0.38, w3=0.17, w4=0.01",122081930.50475375,211408203.29
2025-03-20,1.132222,"w1=0.45, w2=0.38, w3=0.17, w4=0.01",122230942.52663472,230502214.94
2025-03-21,1.142305,"w1=0.45, w2=0.38, w3=0.17, w4=0.01",122370561.06539153,232817657.07
2025-03-22,1.11253,"w1=0.45, w2=0.38, w3=0.17, w4=0.01",122500806.49734329,227062793.52
2025-03-23,1.076329,"w1=0.45, w2=0.38, w3=0.17, w4=0.01",122621882.5856814,220236715.96
2025-03-24,1.078992,"w1=0.45, w2=0.38, w3=0.17, w4=0.01",122734094.97519302,220948052.43
2025-03-25,1.065598,"w1=0.45, w2=0.38, w3=0.17, w4=0.01",122837779.87514398,218583205.51
2025-03-26,1.041256,"w1=0.45, w2=0.38, w3=0.17, w4=0.01",122933405.9408745,214205972.37
2025-03-27,1.014009,"w1=0.45, w2=0.38, w3=0.17, w4=0.01",123021360.3224483,209405036.24
2025-03-28,0.975898,"w1=0.45, w2=0.38, w3=0.17, w4=0.01",123102152.42784391,202848057.39
2025-03-29,0.991026,"w1=0.45, w2=0.38, w3=0.17, w4=0.01",123176230.53608242,205596213.59
2025-03-30,1.078236,"w1=0.45, w2=0.38, w3=0.17, w4=0.01",123244063.3025041,221720629.53
2025-03-31,1.116629,"w1=0.45, w2=0.38, w3=0.17, w4=0.01",124857429.68764047,232261597.51
2025-04-01,1.15046,"w1=0.45, w2=0.38, w3=0.17, w4=0.01",125025086.04153582,239580548.86
2025-04-02,1.11536,"w1=0.45, w2=0.38, w3=0.17, w4=0.01",125209247.21393567,232657774.39
2025-04-03,1.101679,"w1=0.45, w2=0.38, w3=0.17, w4=0.01",125450747.34839942,230339004.72
2025-04-04,1.095547,"w1=0.45, w2=0.38, w3=0.17, w4=0.01",125743809.75845043,229646966.01
2025-04-05,1.075266,"w1=0.45, w2=0.38, w3=0.17, w4=0.01",126079244.72415596,226237734.26
2025-04-06,1.058428,"w1=0.45, w2=0.38, w3=0.17, w4=0.01",126446212.0437328,223613730.77
2025-04-07,1.034112,"w1=0.45, w2=0.38, w3=0.17, w4=0.01",126834116.0312274,219649035.47
2025-04-08,1.002695,"w1=0.45, w2=0.38, w3=0.17, w4=0.01",127233420.5692816,214490923.72
2025-04-09,1.016044,"w1=0.45, w2=0.38, w3=0.17, w4=0.01",127636036.25919628,217638768.85
2025-04-10,1.113362,"w1=0.45, w2=0.38, w3=0.17, w4=0.01",128035350.98541006,237494003.94
2025-04-11,1.127828,"w1=0.45, w2=0.38, w3=0.17, w4=0.01",128426026.1523079,241253604.75
2025-04-12,1.099411,"w1=0.45, w2=0.38, w3=0.17, w4=0.01",128804027.24869978,236028910.47
2025-04-13,1.061808,"w1=0.45, w2=0.38, w3=0.17, w4=0.01",129166277.45039538,229092249.64
2025-04-14,1.055452,"w1=0.45, w2=0.38, w3=0.17, w4=0.01",129510565.92676784,228444982.7
2025-04-15,1.053907,"w1=0.45, w2=0.38, w3=0.17, w4=0.01",129835435.77099857,228712790.73
2025-04-16,1.041229,"w1=0.45, w2=0.38, w3=0.17, w4=0.01",130140051.55400272,226757960.8
2025-04-17,1.023285,"w1=0.45, w2=0.38, w3=0.17, w4=0.01",130423985.3730784,223776491.02
2025-04-18,0.999942,"w1=0.45, w2=0.38, w3=0.17, w4=0.01",130687288.16902342,219796597.09
2025-04-19,0.979482,"w1=0.45, w2=0.38, w3=0.17, w4=0.01",130930296.15110362,216404504.66
2025-04-20,1.028307,"w1=0.45, w2=0.38, w3=0.17, w4=0.01",131153600.23257408,225999866.93
2025-04-21,1.102721,"w1=0.45, w2=0.38, w3=0.17, w4=0.01",131357944.1490835,241404367.57
2025-04-22,1.106481,"w1=0.45, w2=0.38, w3=0.17, w4=0.01",131544234.64683364,242540909.88
2025-04-23,1.08261,"w1=0.45, w2=0.38, w3=0.17, w4=0.01",131713480.353622,237858707.59
2025-04-24,1.059484,"w1=0.45, w2=0.38, w3=0.17, w4=0.01",131866730.64988436,233412511.35
2025-04-25,1.061173,"w1=0.45, w2=0.38, w3=0.17, w4=0.01",132005065.48053528,233998701.4
2025-04-26,1.04247,"w1=0.45, w2=0.38, w3=0.17, w4=0.01",132129564.79048914,230470600.45
2025-04-27,1.018806,"w1=0.45, w2=0.38, w3=0.17, w4=0.01",132241298.33650094,226025355.66
2025-04-28,0.990738,"w1=0.45, w2=0.38, w3=0.17, w4=0.01",132341295.12268732,220839684.19
2025-04-29,0.952186,"w1=0.45, w2=0.38, w3=0.17, w4=0.01",132430594.34132443,213885572.08
2025-04-30,0.961554,"w1=0.45, w2=0.38, w3=0.17, w4=0.01",133411021.31313148,217180619.4
2025-05-01,1.064074,"w1=0.45, w2=0.38, w3=0.17, w4=0.01",133545392.94970934,237323731.58
2025-05-02,1.101615,"w1=0.45, w2=0.38, w3=0.17, w4=0.01",133679734.02180852,245434480.32
2025-05-03,1.090987,"w1=0.45, w2=0.38, w3=0.17, w4=0.01",133850874.72627702,243484807.54
2025-05-04,1.061332,"w1=0.45, w2=0.38, w3=0.17, w4=0.01",134054536.0360952,237664357.7
2025-05-05,1.047075,"w1=0.45, w2=0.38, w3=0.17, w4=0.01",134285613.6833181,235162316.7
2025-05-06,1.055252,"w1=0.45, w2=0.38, w3=0.17, w4=0.01",134537291.78919297,237270701.79
2025-05-07,1.04239,"w1=0.45, w2=0.38, w3=0.17, w4=0.01",134802815.6039244,235117296.61
2025-05-08,1.03039,"w1=0.45, w2=0.38, w3=0.17, w4=0.01",135075888.84489772,233175242.9
2025-05-09,1.012369,"w1=0.45, w2=0.38, w3=0.17, w4=0.01",135351183.1046574,230069663.89
2025-05-10,0.998838,"w1=0.45, w2=0.38, w3=0.17, w4=0.01",135624205.40483287,227885097.09
2025-05-11,0.990864,"w1=0.45, w2=0.38, w3=0.17, w4=0.01",135891369.51325518,226788062.25
2025-05-12,1.04901,"w1=0.45, w2=0.38, w3=0.17, w4=0.01",136149863.49788284,238825028.5
2025-05-13,1.090273,"w1=0.45, w2=0.38, w3=0.17, w4=0.01",136397527.46888682,247963321.21
2025-05-14,1.088885,"w1=0.45, w2=0.38, w3=0.17, w4=0.01",136632863.7668103,248091523.8
2025-05-15,1.075145,"w1=0.45, w2=0.38, w3=0.17, w4=0.01",136854761.88226002,245547658.83
2025-05-16,1.064922,"w1=0.45, w2=0.38, w3=0.17, w4=0.01",137062641.09014046,243752977.21
2025-05-17,1.062467,"w1=0.45, w2=0.38, w3=0.17, w4=0.01",137256246.68646234,243579547.82
2025-05-18,1.05239,"w1=0.45, w2=0.38, w3=0.17, w4=0.01",137435537.91858742,241784097.53
2025-05-19,1.035145,"w1=0.45, w2=0.38, w3=0.17, w4=0.01",137600779.6786645,238506215.84
2025-05-20,1.003982,"w1=0.45, w2=0.38, w3=0.17, w4=0.01",137752348.92859772,232479054.68
2025-05-21,0.970004,"w1=0.45, w2=0.38, w3=0.17, w4=0.01",137890836.58164215,226084422.93
2025-05-22,0.986659,"w1=0.45, w2=0.38, w3=0.17, w4=0.01",138016843.7392125,229512678.07
2025-05-23,1.060575,"w1=0.45, w2=0.38, w3=0.17, w4=0.01",138131103.94879785,244731487.92
2025-05-24,1.096167,"w1=0.45, w2=0.38, w3=0.17, w4=0.01",138234330.3815681,252594833.91
2025-05-25,1.091787,"w1=0.45, w2=0.38, w3=0.17, w4=0.01",138327297.3376507,251802934.51
2025-05-26,1.065169,"w1=0.45, w2=0.38, w3=0.17, w4=0.01",138410789.30533254,246203136.48
2025-05-27,1.055324,"w1=0.45, w2=0.38, w3=0.17, w4=0.01",138485509.267624,244248981.76
2025-05-28,1.058669,"w1=0.45, w2=0.38, w3=0.17, w4=0.01",138552211.14833334,245073599.06
2025-05-29,1.039784,"w1=0.45, w2=0.38, w3=0.17, w4=0.01",138611618.30679005,241218788.2
2025-05-30,1.031767,"w1=0.45, w2=0.38, w3=0.17, w4=0.01",139687579.65089148,241421530.31
2025-05-31,1.012624,"w1=0.45, w2=0.38, w3=0.17, w4=0.01",139807881.43910223,237696988.78
2025-06-01,1.001348,"w1=0.45, w2=0.38, w3=0.17, w4=0.01",139962609.01850235,235678816.83
2025-06-02,1.014466,"w1=0.45, w2=0.38, w3=0.17, w4=0.01",140117876.57035974,238599741.81
2025-06-03,1.108715,"w1=0.45, w2=0.38, w3=0.17, w4=0.01",140302424.89282328,259194145.61
2025-06-04,1.14465,"w1=0.45, w2=0.38, w3=0.17, w4=0.01",140512820.5761177,267886145.96
2025-06-05,1.128875,"w1=0.45, w2=0.38, w3=0.17, w4=0.01",140745263.43672305,264638547.79
2025-06-06,1.097065,"w1=0.45, w2=0.38, w3=0.17, w4=0.01",140994679.7711732,257840365.83
2025-06-07,1.086372,"w1=0.45, w2=0.38, w3=0.17, w4=0.01",141255893.99440625,255926147.81
2025-06-08,1.080503,"w1=0.45, w2=0.38, w3=0.17, w4=0.01",141524046.3543069,255108345.39
2025-06-09,1.043837,"w1=0.45, w2=0.38, w3=0.17, w4=0.01",141794796.6948981,247620749.58
2025-06-10,1.020126,"w1=0.45, w2=0.38, w3=0.17, w4=0.01",142064497.65505353,243089783.24
2025-06-11,0.991187,"w1=0.45, w2=0.38, w3=0.17, w4=0.01",142330102.9750615,237598933.16
2025-06-12,0.969699,"w1=0.45, w2=0.38, w3=0.17, w4=0.01",142589167.49662513,233727361.74
2025-06-13,1.038335,"w1=0.45, w2=0.38, w3=0.17, w4=0.01",142839724.9049472,248267062.83
2025-06-14,1.11442,"w1=0.45, w2=0.38, w3=0.17, w4=0.01",143080348.85768783,265646627.37
2025-06-15,1.100061,"w1=0.45, w2=0.38, w3=0.17, w4=0.01",143309979.78625172,262759355.87
2025-06-16,1.066778,"w1=0.45, w2=0.38, w3=0.17, w4=0.01",143527884.1431497,255661052.92
2025-06-17,1.034313,"w1=0.45, w2=0.38, w3=0.17, w4=0.01",143733654.40199903,248958353.54
2025-06-18,1.046683,"w1=0.45, w2=0.38, w3=0.17, w4=0.01",143927086.7996082,251961429.97
2025-06-19,1.013083,"w1=0.45, w2=0.38, w3=0.17, w4=0.01",144108222.0886156,245104509.28
2025-06-20,0.993913,"w1=0.45, w2=0.38, w3=0.17, w4=0.01",144277213.0914147,241409064.39
2025-06-21,0.97036,"w1=0.45, w2=0.38, w3=0.17, w4=0.01",144434345.0764735,236884527.35
2025-06-22,0.931301,"w1=0.45, w2=0.38, w3=0.17, w4=0.01",144580035.75833443,229439358.76
2025-06-23,0.960869,"w1=0.45, w2=0.38, w3=0.17, w4=0.01",144714733.41601858,235445608.78
2025-06-24,1.049221,"w1=0.45, w2=0.38, w3=0.17, w4=0.01",144838937.2693449,254113048.17
2025-06-25,1.07954,"w1=0.45, w2=0.38, w3=0.17, w4=0.01",144953217.85524938,261071417.44
2025-06-26,1.067435,"w1=0.45, w2=0.38, w3=0.17, w4=0.01",145058145.71066794,258533823.34
2025-06-27,1.038034,"w1=0.45, w2=0.38, w3=0.17, w4=0.01",145154270.99621746,252224620.64
2025-06-28,1.023754,"w1=0.45, w2=0.38, w3=0.17, w4=0.01",145242174.4369934,249301204.13
2025-06-29,1.041763,"w1=0.45, w2=0.38, w3=0.17, w4=0.01",144376914.4209735,251680142.04
2025-06-30,1.01981,"w1=0.45, w2=0.38, w3=0.17, w4=0.01",144385329.8407789,246994133.86
2025-07-01,1.034864,"w1=0.45, w2=0.38, w3=0.17, w4=0.01",144349915.79811117,250144203.28
2025-07-02,1.013072,"w1=0.45, w2=0.38, w3=0.17, w4=0.01",144279586.93259466,245393663.72
2025-07-03,0.983075,"w1=0.45, w2=0.38, w3=0.17, w4=0.01",144213343.519066,239087534.77
2025-07-04,1.03147,"w1=0.45, w2=0.38, w3=0.17, w4=0.01",144162728.7423188,249092361.62
2025-07-05,1.133627,"w1=0.45, w2=0.38, w3=0.17, w4=0.01",144134008.32048902,272142093.99
2025-07-06,1.137012,"w1=0.45, w2=0.38, w3=0.17, w4=0.01",144128863.2999058,272942110.8
2025-07-07,1.119952,"w1=0.45, w2=0.38, w3=0.17, w4=0.01",144146366.55804825,268923704.98
2025-07-08,1.084941,"w1=0.45, w2=0.38, w3=0.17, w4=0.01",144184062.74845982,260906771.05
2025-07-09,1.092806,"w1=0.45, w2=0.38, w3=0.17, w4=0.01",144238803.72983316,262796791.74
2025-07-10,1.080359,"w1=0.45, w2=0.38, w3=0.17, w4=0.01",144307308.91478652,260092888.21
2025-07-11,1.060253,"w1=0.45, w2=0.38, w3=0.17, w4=0.01",144386318.09225723,255742876.96
2025-07-12,1.040334,"w1=0.45, w2=0.38, w3=0.17, w4=0.01",144472958.20124644,251538001.59
2025-07-13,1.005444,"w1=0.45, w2=0.38, w3=0.17, w4=0.01",144564682.20186138,244280705.41
2025-07-14,0.989408,"w1=0.45, w2=0.38, w3=0.17, w4=0.01",144659258.88715613,241121756.59
2025-07-15,1.05868,"w1=0.45, w2=0.38, w3=0.17, w4=0.01",144754874.7647271,256047413.4
2025-07-16,1.132457,"w1=0.45, w2=0.38, w3=0.17, w4=0.01",144850042.36327696,273213462.44
2025-07-17,1.126917,"w1=0.45, w2=0.38, w3=0.17, w4=0.01",144943579.8562955,272065227.29
2025-07-18,1.098795,"w1=0.45, w2=0.38, w3=0.17, w4=0.01",145034560.1212618,265628191.33
2025-07-19,1.071882,"w1=0.45, w2=0.38, w3=0.17, w4=0.01",145122280.17516547,259646100.6
2025-07-20,1.079977,"w1=0.45, w2=0.38, w3=0.17, w4=0.01",145206250.98634714,261626347.88
2025-07-21,1.054873,"w1=0.45, w2=0.38, w3=0.17, w4=0.01",145286085.40474308,256143511.95
2025-07-22,1.038308,"w1=0.45, w2=0.38, w3=0.17, w4=0.01",145361579.6671619,252644383.83
2025-07-23,1.015196,"w1=0.45, w2=0.38, w3=0.17, w4=0.01",145432642.0801675,247804749.42
2025-07-24,0.987998,"w1=0.45, w2=0.38, w3=0.17, w4=0.01",145499191.1384833,242231021.82
2025-07-25,0.981927,"w1=0.45, w2=0.38, w3=0.17, w4=0.01",145561318.53554538,241087054.56
2025-07-26,1.06264,"w1=0.45, w2=0.38, w3=0.17, w4=0.01",145619075.21215165,258459163.96
2025-07-27,1.113479,"w1=0.45, w2=0.38, w3=0.17, w4=0.01",145672644.55517435,270237217.52
2025-07-28,1.108318,"w1=0.45, w2=0.38, w3=0.17, w4=0.01",145722159.01068792,269113256.53
2025-07-29,1.085955,"w1=0.45, w2=0.38, w3=0.17, w4=0.01",145017494.9539809,262646191.8
2025-07-30,1.063325,"w1=0.45, w2=0.38, w3=0.17, w4=0.01",145007449.42864418,257526091.63
2025-07-31,1.064572,"w1=0.45, w2=0.38, w3=0.17, w4=0.01",144964862.92163867,257728287.39
2025-08-01,1.068889,"w1=0.45, w2=0.38, w3=0.17, w4=0.01",144902317.8100342,258581374.12
2025-08-02,1.053288,"w1=0.45, w2=0.38, w3=0.17, w4=0.01",144819416.75560746,254971713.27
2025-08-03,1.026969,"w1=0.45, w2=0.38, w3=0.17, w4=0.01",144752378.66563228,249146617.37
2025-08-04,0.989905,"w1=0.45, w2=0.38, w3=0.17, w4=0.01",144707754.52671263,241304623.73
2025-08-05,1.013671,"w1=0.45, w2=0.38, w3=0.17, w4=0.01",144688560.03408146,246215392.18
2025-08-06,1.103186,"w1=0.45, w2=0.38, w3=0.17, w4=0.01",144694092.20472834,266020849.95
2025-08-07,1.145628,"w1=0.45, w2=0.38, w3=0.17, w4=0.01",144721702.1171649,276147741.1
2025-08-08,1.126322,"w1=0.45, w2=0.38, w3=0.17, w4=0.01",144767803.5392223,271593659.31
2025-08-09,1.089683,"w1=0.45, w2=0.38, w3=0.17, w4=0.01",144828596.28738064,263155487.56
2025-08-10,1.081485,"w1=0.45, w2=0.38, w3=0.17, w4=0.01",144900524.69394973,261417457.24
2025-08-11,1.088101,"w1=0.45, w2=0.38, w3=0.17, w4=0.01",144980369.30050528,263069160.52
2025-08-12,1.064322,"w1=0.45, w2=0.38, w3=0.17, w4=0.01",145065369.11580357,257851206.38
2025-08-13,1.046181,"w1=0.45, w2=0.38, w3=0.17, w4=0.01",145153191.05130294,253997974.73
2025-08-14,1.020274,"w1=0.45, w2=0.38, w3=0.17, w4=0.01",145241940.10932326,248558293.36
2025-08-15,1.002446,"w1=0.45, w2=0.38, w3=0.17, w4=0.01",145330128.8185672,244946413.31
2025-08-16,1.055574,"w1=0.45, w2=0.38, w3=0.17, w4=0.01",145416585.5406841,256528789.07
2025-08-17,1.141923,"w1=0.45, w2=0.38, w3=0.17, w4=0.01",145500444.28211048,276730782.68
2025-08-18,1.137209,"w1=0.45, w2=0.38, w3=0.17, w4=0.01",145580991.8716764,275739751.26
2025-08-19,1.11212,"w1=0.45, w2=0.38, w3=0.17, w4=0.01",145657820.782999,269889054.03
2025-08-20,1.0831,"w1=0.45, w2=0.38, w3=0.17, w4=0.01",145730645.7476103,263284027.58
2025-08-21,1.088603,"w1=0.45, w2=0.38, w3=0.17, w4=0.01",145799201.87336153,264670428.57
2025-08-22,1.058698,"w1=0.45, w2=0.38, w3=0.17, w4=0.01",145863529.91289088,258012453.25
2025-08-23,1.036919,"w1=0.45, w2=0.38, w3=0.17, w4=0.01",145923568.73724097,253318344.72
2025-08-24,1.009547,"w1=0.45, w2=0.38, w3=0.17, w4=0.01",145979430.41616708,247537528.79
2025-08-25,0.972203,"w1=0.45, w2=0.38, w3=0.17, w4=0.01",146031196.45494577,239877841.54
2025-08-26,0.993665,"w1=0.45, w2=0.38, w3=0.17, w4=0.01",146079019.6759706,244372276.73
2025-08-27,1.079297,"w1=0.45, w2=0.38, w3=0.17, w4=0.01",146123093.65427345,263122960.84
2025-08-28,1.119695,"w1=0.45, w2=0.38, w3=0.17, w4=0.01",148957999.99561688,277837944.45
2025-08-29,1.113471,"w1=0.45, w2=0.38, w3=0.17, w4=0.01",149166327.48251843,276716411.67
2025-08-30,1.080108,"w1=0.45, w2=0.38, w3=0.17, w4=0.01",149473429.17645788,269345385.42
2025-08-31,1.065702,"w1=0.45, w2=0.38, w3=0.17, w4=0.01",149837859.6443016,266652385.2
2025-09-01,1.088821,"w1=0.45, w2=0.38, w3=0.17, w4=0.01",150229064.5954971,272763686.88
2025-09-02,1.060493,"w1=0.45, w2=0.38, w3=0.17, w4=0.01",150631639.5327735,266860190.32
2025-09-03,1.038904,"w1=0.45, w2=0.38, w3=0.17, w4=0.01",151047469.26565138,262661325.82
2025-09-04,1.008807,"w1=0.45, w2=0.38, w3=0.17, w4=0.01",151469473.0232291,256684603.4
2025-09-05,0.971919,"w1=0.45, w2=0.38, w3=0.17, w4=0.01",151893208.76793382,249447012.92
2025-09-06,1.006653,"w1=0.45, w2=0.38, w3=0.17, w4=0.01",152314529.91882032,257642053.18
2025-09-07,1.105056,"w1=0.45, w2=0.38, w3=0.17, w4=0.01",152729778.92660266,281252857.98
2025-09-08,1.118597,"w1=0.45, w2=0.38, w3=0.17, w4=0.01",153135695.58021826,285355975.32
2025-09-09,1.095615,"w1=0.45, w2=0.38, w3=0.17, w4=0.01",153529478.13578513,280408764.7
2025-09-10,1.066656,"w1=0.45, w2=0.38, w3=0.17, w4=0.01",153908885.19819778,274123411.99
2025-09-11,1.069702,"w1=0.45, w2=0.38, w3=0.17, w4=0.01",154272001.39345688,275495656.83
2025-09-12,1.054483,"w1=0.45, w2=0.38, w3=0.17, w4=0.01",154617543.01345655,272503382.24
2025-09-13,1.03497,"w1=0.45, w2=0.38, w3=0.17, w4=0.01",154944531.99487796,268528096.02
2025-09-14,1.009469,"w1=0.45, w2=0.38, w3=0.17, w4=0.01",155252448.74158305,263244247.77
2025-09-15,0.9787,"w1=0.45, w2=0.38, w3=0.17, w4=0.01",155541120.0548591,256911211.91
2025-09-16,0.964625,"w1=0.45, w2=0.38, w3=0.17, w4=0.01",155810637.62814224,254304788.08
2025-09-17,1.026907,"w1=0.45, w2=0.38, w3=0.17, w4=0.01",156061347.85885787,268597233.6
2025-09-18,1.105599,"w1=0.45, w2=0.38, w3=0.17, w4=0.01",156293780.53130367,287952367.2
2025-09-19,1.099648,"w1=0.45, w2=0.38, w3=0.17, w4=0.01",156508638.62849003,286855884.18
2025-09-20,1.070578,"w1=0.45, w2=0.38, w3=0.17, w4=0.01",156706645.5097465,280055782.17
2025-09-21,1.047798,"w1=0.45, w2=0.38, w3=0.17, w4=0.01",156888769.0502322,274916448.06
2025-09-22,1.064464,"w1=0.45, w2=0.38, w3=0.17, w4=0.01",157055803.92639372,279198290.92
2025-09-23,1.043405,"w1=0.45, w2=0.38, w3=0.17, w4=0.01",157208768.95418814,274436541.2
2025-09-24,1.031562,"w1=0.45, w2=0.38, w3=0.17, w4=0.01",157348550.50349805,271897040.57
2025-09-25,1.012208,"w1=0.45, w2=0.38, w3=0.17, w4=0.01",157476075.69684443,267640653.93
2025-09-26,0.986673,"w1=0.45, w2=0.38, w3=0.17, w4=0.01",157592261.46858862,262068394.04
2025-09-27,0.974178,"w1=0.45, w2=0.38, w3=0.17, w4=0.01",157373287.3549357,258942105.02
2025-09-28,1.049971,"w1=0.45, w2=0.38, w3=0.17, w4=0.01",157450544.16896027,276418219.82
2025-09-29,1.114427,"w1=0.45, w2=0.38, w3=0.17, w4=0.01",157505825.12279084,292431123.94
2025-09-30,1.111741,"w1=0.45, w2=0.38, w3=0.17, w4=0.01",157544805.02130833,291817786.03
2025-10-01,1.106627,"w1=0.45, w2=0.38, w3=0.17, w4=0.01",157571824.0204898,290567527.39
2025-10-02,1.085545,"w1=0.45, w2=0.38, w3=0.17, w4=0.01",157585078.81609127,285306118.54
2025-10-03,1.093241,"w1=0.45, w2=0.38, w3=0.17, w4=0.01",157613259.26546383,287273189.45
2025-10-04,1.071854,"w1=0.45, w2=0.38, w3=0.17, w4=0.01",157659401.4401595,282070097.9
2025-10-05,1.053006,"w1=0.45, w2=0.38, w3=0.17, w4=0.01",157725624.477369,277627050.06
2025-10-06,1.025783,"w1=0.45, w2=0.38, w3=0.17, w4=0.01",157811734.8020605,271348030.03
2025-10-07,0.987162,"w1=0.45, w2=0.38, w3=0.17, w4=0.01",157916092.12054312,262716140.46
2025-10-08,1.023318,"w1=0.45, w2=0.38, w3=0.17, w4=0.01",158036230.89820075,271160198.82
2025-10-09,1.114755,"w1=0.45, w2=0.38, w3=0.17, w4=0.01",158169216.94507703,293747005.26
2025-10-10,1.143192,"w1=0.45, w2=0.38, w3=0.17, w4=0.01",158312034.565939,301433494.38
2025-10-11,1.129351,"w1=0.45, w2=0.38, w3=0.17, w4=0.01",158461841.2642665,298074782.42
2025-10-12,1.102722,"w1=0.45, w2=0.38, w3=0.17, w4=0.01",158615886.2369754,291498175.77
2025-10-13,1.096656,"w1=0.45, w2=0.38, w3=0.17, w4=0.01",158771856.77184314,290246513.35
2025-10-14,1.096446,"w1=0.45, w2=0.38, w3=0.17, w4=0.01",158927654.1079982,290478195.26
2025-10-15,1.076275,"w1=0.45, w2=0.38, w3=0.17, w4=0.01",159081556.4464731,285707234.4
2025-10-16,1.055148,"w1=0.45, w2=0.38, w3=0.17, w4=0.01",159232137.44492796,280797453.72
2025-10-17,1.022946,"w1=0.45, w2=0.38, w3=0.17, w4=0.01",159378266.2176504,273375675.2
2025-10-18,0.989309,"w1=0.45, w2=0.38, w3=0.17, w4=0.01",159519076.77107698,265868083.86
2025-10-19,1.038334,"w1=0.45, w2=0.38, w3=0.17, w4=0.01",159653866.12219727,277491169.51
2025-10-20,1.132743,"w1=0.45, w2=0.38, w3=0.17, w4=0.01",159782185.99199015,301453817.61
2025-10-21,1.146538,"w1=0.45, w2=0.38, w3=0.17, w4=0.01",159903791.86462596,305361457.53
2025-10-22,1.123908,"w1=0.45, w2=0.38, w3=0.17, w4=0.01",160018459.6005941,299570754.83
2025-10-23,1.091846,"w1=0.45, w2=0.38, w3=0.17, w4=0.01",160126179.01173505,291499307.99
2025-10-24,1.091665,"w1=0.45, w2=0.38, w3=0.17, w4=0.01",160227001.03884664,291636921.03
2025-10-25,1.076918,"w1=0.45, w2=0.38, w3=0.17, w4=0.01",160321017.37536502,288093887.62
2025-10-26,1.053994,"w1=0.45, w2=0.38, w3=0.17, w4=0.01",160408411.40816242,282590112.08
2025-10-27,1.052365,"w1=0.45, w2=0.38, w3=0.17, w4=0.01",156880496.2646608,275986776.19
2025-10-28,1.021479,"w1=0.45, w2=0.38, w3=0.17, w4=0.01",156729365.10558912,268494278.63
2025-10-29,1.009283,"w1=0.45, w2=0.38, w3=0.17, w4=0.01",156439715.7289943,265215196.34
2025-10-30,1.075212,"w1=0.45, w2=0.38, w3=0.17, w4=0.01",156064872.96206933,280031105.41
2025-10-31,1.137354,"w1=0.45, w2=0.38, w3=0.17, w4=0.01",155644112.15995923,294837483.7
2025-11-01,1.160603,"w1=0.45, w2=0.38, w3=0.17, w4=0.01",155204299.49945194,300082050.01
2025-11-02,1.1373,"w1=0.45, w2=0.38, w3=0.17, w4=0.01",154756224.24153283,293141652.91
2025-11-03,1.122266,"w1=0.45, w2=0.38, w3=0.17, w4=0.01",154341158.62062275,288527161.96
2025-11-04,1.129542,"w1=0.45, w2=0.38, w3=0.17, w4=0.01",153966315.85369778,289666970.62
2025-11-05,1.114996,"w1=0.45, w2=0.38, w3=0.17, w4=0.01",153635119.16237366,285386532.27
2025-11-06,1.101575,"w1=0.45, w2=0.38, w3=0.17, w4=0.01",153346987.82155487,281533518.68
2025-11-07,1.079125,"w1=0.45, w2=0.38, w3=0.17, w4=0.01",153099191.40447643,275643635.29
2025-11-08,1.054581,"w1=0.45, w2=0.38, w3=0.17, w4=0.01",152888001.04473552,269477971.84
2025-11-09,1.034684,"w1=0.45, w2=0.38, w3=0.17, w4=0.01",152709433.17193997,264589485.52
2025-11-10,1.09912,"w1=0.45, w2=0.38, w3=0.17, w4=0.01",152559494.02753806,279489103.2
2025-11-11,1.1601,"w1=0.45, w2=0.38, w3=0.17, w4=0.01",152434424.18064824,294595858.74
2025-11-12,1.160425,"w1=0.45, w2=0.38, w3=0.17, w4=0.01",152330841.162293,294480078.79
2025-11-13,1.13841,"w1=0.45, w2=0.38, w3=0.17, w4=0.01",152245708.90092027,288667440.8
2025-11-14,1.114182,"w1=0.45, w2=0.38, w3=0.17, w4=0.01",152176327.53424385,282475687.93
2025-11-15,1.116104,"w1=0.45, w2=0.38, w3=0.17, w4=0.01",152120384.35004115,282846669.33
2025-11-16,1.093455,"w1=0.45, w2=0.38, w3=0.17, w4=0.01",152075851.90455768,277232082.03
2025-11-17,1.075592,"w1=0.45, w2=0.38, w3=0.17, w4=0.01",152040957.45802805,272900790.64
2025-11-18,1.053625,"w1=0.45, w2=0.38, w3=0.17, w4=0.01",152014172.78651667,267716781.08
2025-11-19,1.024654,"w1=0.45, w2=0.38, w3=0.17, w4=0.01",151994214.1819177,261092185.37
2025-11-20,1.026956,"w1=0.45, w2=0.38, w3=0.17, w4=0.01",151979940.57035914,261583720.24
2025-11-21,1.113096,"w1=0.45, w2=0.38, w3=0.17, w4=0.01",151970363.70036268,281825774.6
2025-11-22,1.161312,"w1=0.45, w2=0.38, w3=0.17, w4=0.01",151964668.51916268,294002165.94
2025-11-23,1.151542,"w1=0.45, w2=0.38, w3=0.17, w4=0.01",151962172.42006785,291476547.43
2025-11-24,1.122284,"w1=0.45, w2=0.38, w3=0.17, w4=0.01",151962243.73718485,284084467.22
2025-11-25,1.108135,"w1=0.45, w2=0.38, w3=0.17, w4=0.01",151964393.43885428,280596311.64
2025-11-26,1.101726,"w1=0.45, w2=0.38, w3=0.17, w4=0.01",153754870.7899676,282319522.09
2025-11-27,1.085955,"w1=0.45, w2=0.38, w3=0.17, w4=0.01",153870037.74575472,278679337.68
2025-11-28,1.070305,"w1=0.45, w2=0.38, w3=0.17, w4=0.01",154052996.71532524,275248265.83
2025-11-29,1.046775,"w1=0.45, w2=0.38, w3=0.17, w4=0.01",154278124.47735888,270103561.95
2025-11-30,1.008825,"w1=0.45, w2=0.38, w3=0.17, w4=0.01",154525584.68517146,261867608.06
2025-12-01,1.047122,"w1=0.45, w2=0.38, w3=0.17, w4=0.01",154781256.549598,271065471.97
2025-12-02,1.135946,"w1=0.45, w2=0.38, w3=0.17, w4=0.01",155026679.12549648,293305080.94
2025-12-03,1.175153,"w1=0.45, w2=0.38, w3=0.17, w4=0.01",155284500.69159243,304120912.97
2025-12-04,1.161908,"w1=0.45, w2=0.38, w3=0.17, w4=0.01",155551206.33283406,301099237.34
2025-12-05,1.135209,"w1=0.45, w2=0.38, w3=0.17, w4=0.01",155825339.14240274,294625458.91
2025-12-06,1.118503,"w1=0.45, w2=0.38, w3=0.17, w4=0.01",156104851.30022472,290864838.37
2025-12-07,1.115305,"w1=0.45, w2=0.38, w3=0.17, w4=0.01",156387256.8953648,290577274.21
2025-12-08,1.094812,"w1=0.45, w2=0.38, w3=0.17, w4=0.01",156670080.20504725,285944838.61
2025-12-09,1.073018,"w1=0.45, w2=0.38, w3=0.17, w4=0.01",156950743.62490073,281085586.65
2025-12-10,1.048429,"w1=0.45, w2=0.38, w3=0.17, w4=0.01",157226934.44270268,275658913.49
2025-12-11,1.025535,"w1=0.45, w2=0.38, w3=0.17, w4=0.01",157496564.0857411,270748507.78
2025-12-12,1.079554,"w1=0.45, w2=0.38, w3=0.17, w4=0.01",157757819.0616124,284136898.87
2025-12-13,1.16772,"w1=0.45, w2=0.38, w3=0.17, w4=0.01",158009222.08717886,307430589.18
2025-12-14,1.185636,"w1=0.45, w2=0.38, w3=0.17, w4=0.01",158249632.0885685,312818373.84
2025-12-15,1.167648,"w1=0.45, w2=0.38, w3=0.17, w4=0.01",158478121.94326046,308323294.28
2025-12-16,1.135563,"w1=0.45, w2=0.38, w3=0.17, w4=0.01",158694182.24327618,300142945.23
2025-12-17,1.136858,"w1=0.45, w2=0.38, w3=0.17, w4=0.01",158897436.02671152,300869214.19
2025-12-18,1.122675,"w1=0.45, w2=0.38, w3=0.17, w4=0.01",159087791.60013035,297507080.66
2025-12-19,1.094227,"w1=0.45, w2=0.38, w3=0.17, w4=0.01",159265320.2806497,290533528.4
2025-12-20,1.06812,"w1=0.45, w2=0.38, w3=0.17, w4=0.01",159430266.58409923,284317464.56
2025-12-21,1.031918,"w1=0.45, w2=0.38, w3=0.17, w4=0.01",159582946.34342566,275842395.34
2025-12-22,1.026357,"w1=0.45, w2=0.38, w3=0.17, w4=0.01",159723828.2139692,274771034.89
2025-12-23,1.1064,"w1=0.45, w2=0.38, w3=0.17, w4=0.01",159853441.9800276,294716519.13
2025-12-24,1.176725,"w1=0.45, w2=0.38, w3=0.17, w4=0.01",159972317.42589843,313737930.65
2025-12-25,1.172501,"w1=0.45, w2=0.38, w3=0.17, w4=0.01",160081065.84115604,312780427.26
2025-12-26,1.178515,"w1=0.45, w2=0.38, w3=0.17, w4=0.01",155235556.77301484,304930872.4
2025-12-27,1.15813,"w1=0.45, w2=0.38, w3=0.17, w4=0.01",155015838.92371324,299064718.26
2025-12-28,1.159571,"w1=0.45, w2=0.38, w3=0.17, w4=0.01",154602759.99391946,298647029.24
2025-12-29,1.134914,"w1=0.45, w2=0.38, w3=0.17, w4=0.01",154069195.88904265,291229632.38
2025-12-30,1.118306,"w1=0.45, w2=0.38, w3=0.17, w4=0.01",153471619.57758316,285909154.18
2025-12-31,1.099069,"w1=0.45, w2=0.38, w3=0.17, w4=0.01",152850090.90297297,280009033.98
2026-01-01,1.086273,"w1=0.45, w2=0.38, w3=0.17, w4=0.01",152231547.359117,275788009.57
2026-01-02,1.115433,"w1=0.45, w2=0.38, w3=0.17, w4=0.01",151595072.65441662,281704617.64
2026-01-03,1.225686,"w1=0.45, w2=0.38, w3=0.17, w4=0.01",150997761.23510596,309311141.7
2026-01-04,1.269712,"w1=0.45, w2=0.38, w3=0.17, w4=0.01",150452226.04273358,320602946.54
2026-01-05,1.242878,"w1=0.45, w2=0.38, w3=0.17, w4=0.01",149965445.9666054,311956932.27
2026-01-06,1.202901,"w1=0.45, w2=0.38, w3=0.17, w4=0.01",149538735.27930602,300165157.12
2026-01-07,1.197883,"w1=0.45, w2=0.38, w3=0.17, w4=0.01",149169760.89229378,298091979.05
2026-01-08,1.198953,"w1=0.45, w2=0.38, w3=0.17, w4=0.01",148854213.21407023,297744345.56
2026-01-09,1.177012,"w1=0.45, w2=0.38, w3=0.17, w4=0.01",148586794.40165865,291482643.62
2026-01-10,1.158571,"w1=0.45, w2=0.38, w3=0.17, w4=0.01",148361911.15545473,286338928.44
2026-01-11,1.133152,"w1=0.45, w2=0.38, w3=0.17, w4=0.01",148174133.18640727,279653756.68
2026-01-12,1.097669,"w1=0.45, w2=0.38, w3=0.17, w4=0.01",148018376.6028905,270827208.87
2026-01-13,1.14834,"w1=0.45, w2=0.38, w3=0.17, w4=0.01",147890015.98045933,282867381.19
2026-01-14,1.240022,"w1=0.45, w2=0.38, w3=0.17, w4=0.01",147784986.24344504,306635804.92
2026-01-15,1.258143,"w1=0.45, w2=0.38, w3=0.17, w4=0.01",147699690.9715192,311480111.18
2026-01-16,1.238063,"w1=0.45, w2=0.38, w3=0.17, w4=0.01",147631094.09312972,305779759.87
2026-01-17,1.212636,"w1=0.45, w2=0.38, w3=0.17, w4=0.01",147576495.74599037,298804362.85
2026-01-18,1.206776,"w1=0.45, w2=0.38, w3=0.17, w4=0.01",147533613.7823573,297162946.69
2026-01-19,1.191386,"w1=0.45, w2=0.38, w3=0.17, w4=0.01",147500532.82823128,293060845.94
2026-01-20,1.172393,"w1=0.45, w2=0.38, w3=0.17, w4=0.01",147475571.83728307,288123194.18
2026-01-21,1.143231,"w1=0.45, w2=0.38, w3=0.17, w4=0.01",147457375.7842898,280775344.19
2026-01-22,1.111394,"w1=0.45, w2=0.38, w3=0.17, w4=0.01",147444671.14930516,273026694.37
2026-01-23,1.095997,"w1=0.45, w2=0.38, w3=0.17, w4=0.01",147436510.43348902,269370049.29
2026-01-24,1.170021,"w1=0.45, w2=0.38, w3=0.17, w4=0.01",147432017.45511836,287434813.81
2026-01-25,1.236108,"w1=0.45, w2=0.38, w3=0.17, w4=0.01",151703495.04856795,313665430.44
2026-01-26,1.247514,"w1=0.45, w2=0.38, w3=0.17, w4=0.01",152029383.70875573,317567057.68
2026-01-27,1.223809,"w1=0.45, w2=0.38, w3=0.17, w4=0.01",152554389.75959316,311976513.66
2026-01-28,1.192972,"w1=0.45, w2=0.38, w3=0.17, w4=0.01",153210517.4241054,304834471.83
2026-01-29,1.19351,"w1=0.45, w2=0.38, w3=0.17, w4=0.01",153943861.15000397,306439873.73
2026-01-30,1.17101,"w1=0.45, w2=0.38, w3=0.17, w4=0.01",154715216.8992608,301897975.44
2026-01-31,1.14941,"w1=0.45, w2=0.38, w3=0.17, w4=0.01",155497300.78054553,297697946.26
2026-02-01,1.143442,"w1=0.45, w2=0.38, w3=0.17, w4=0.01",156271672.22503528,297613951.55
2026-02-02,1.106088,"w1=0.45, w2=0.38, w3=0.17, w4=0.01",156955898.8336435,289295644.08
2026-02-03,1.101188,"w1=0.45, w2=0.38, w3=0.17, w4=0.01",157607910.4816892,289258652.86
2026-02-04,1.186436,"w1=0.45, w2=0.38, w3=0.17, w4=0.01",158230926.6275967,313003287.19
2026-02-05,1.239761,"w1=0.45, w2=0.38, w3=0.17, w4=0.01",158830825.83943832,329477568.04
2026-02-06,1.220108,"w1=0.45, w2=0.38, w3=0.17, w4=0.01",159411367.5480956,324924187.04
2026-02-07,1.178282,"w1=0.45, w2=0.38, w3=0.17, w4=0.01",159974752.39603585,314175323.13
2026-02-08,1.155893,"w1=0.45, w2=0.38, w3=0.17, w4=0.01",160522050.14001393,309077522.21
2026-02-09,1.157342,"w1=0.45, w2=0.38, w3=0.17, w4=0.01",161053413.6024235,310496944.33
2026-02-10,1.135925,"w1=0.45, w2=0.38, w3=0.17, w4=0.01",161568526.95031777,305676394.31
2026-02-11,1.116503,"w1=0.45, w2=0.38, w3=0.17, w4=0.01",162066758.51780343,301445715.3
2026-02-12,1.087286,"w1=0.45, w2=0.38, w3=0.17, w4=0.01",162547354.3810722,294735854.34
2026-02-13,1.046832,"w1=0.45, w2=0.38, w3=0.17, w4=0.01",163009530.05183718,285404153.42
2026-02-14,1.066695,"w1=0.45, w2=0.38, w3=0.17, w4=0.01",163452725.18132192,291131541.77
2026-02-15,1.163303,"w1=0.45, w2=0.38, w3=0.17, w4=0.01",163876409.9852288,317605005.77
2026-02-16,1.189942,"w1=0.45, w2=0.38, w3=0.17, w4=0.01",164280258.44245154,325981677.08
2026-02-17,1.167131,"w1=0.45, w2=0.38, w3=0.17, w4=0.01",164664209.42403272,320212228.96
2026-02-18,1.139712,"w1=0.45, w2=0.38, w3=0.17, w4=0.01",165028303.6826106,313262100.3
2026-02-19,1.128045,"w1=0.45, w2=0.38, w3=0.17, w4=0.01",165372775.54585534,310718690.7
2026-02-20,1.122104,"w1=0.45, w2=0.38, w3=0.17, w4=0.01",165697971.41119233,309713794.48
2026-02-21,1.106213,"w1=0.45, w2=0.38, w3=0.17, w4=0.01",166004380.31028095,306006864.47
2026-02-22,1.085626,"w1=0.45, w2=0.38, w3=0.17, w4=0.01",166292542.21557844,301092078.62
2026-02-23,1.058946,"w1=0.45, w2=0.38, w3=0.17, w4=0.01",166563170.2982548,294690396.44
2026-02-24,1.01624,"w1=0.45, w2=0.38, w3=0.17, w4=0.01",165784367.0043518,282734882.55
2026-02-25,1.032901,"w1=0.45, w2=0.38, w3=0.17, w4=0.01",165925391.50912935,287047745.01
2026-02-26,1.126119,"w1=0.45, w2=0.38, w3=0.17, w4=0.01",166000834.83075035,311372800.57
2026-02-27,1.164045,"w1=0.45, w2=0.38, w3=0.17, w4=0.01",166027527.80882555,321984840.31
2026-02-28,1.152927,"w1=0.45, w2=0.38, w3=0.17, w4=0.01",166019489.35092428,318828337.45
2026-03-01,1.147342,"w1=0.45, w2=0.38, w3=0.17, w4=0.01",165987478.15355316,317203497.92
2026-03-02,1.134204,"w1=0.45, w2=0.38, w3=0.17, w4=0.01",165860992.152483,313323811.85
2026-03-03,1.12829,"w1=0.45, w2=0.38, w3=0.17, w4=0.01",165717155.71566394,311432614.27
2026-03-04,1.105257,"w1=0.45, w2=0.38, w3=0.17, w4=0.01",165570425.8415268,304952459.63
2026-03-05,1.080716,"w1=0.45, w2=0.38, w3=0.17, w4=0.01",165433914.69143906,298262921.04
2026-03-06,1.052838,"w1=0.45, w2=0.38, w3=0.17, w4=0.01",165315548.65354675,290944577.48
2026-03-07,1.026959,"w1=0.45, w2=0.38, w3=0.17, w4=0.01",165219647.5075078,284372274.02
2026-03-08,1.076289,"w1=0.45, w2=0.38, w3=0.17, w4=0.01",165147780.22989613,296605649.66
2026-03-09,1.171661,"w1=0.45, w2=0.38, w3=0.17, w4=0.01",165099661.55224374,322346728.99
2026-03-10,1.188394,"w1=0.45, w2=0.38, w3=0.17, w4=0.01",165073814.1914129,327106894.31
2026-03-11,1.166597,"w1=0.45, w2=0.38, w3=0.17, w4=0.01",165068068.06941503,320846234.73
2026-03-12,1.130457,"w1=0.45, w2=0.38, w3=0.17, w4=0.01",165079855.7700383,310824868.13
2026-03-13,1.133348,"w1=0.45, w2=0.38, w3=0.17, w4=0.01",165106538.55995396,311664414.1
2026-03-14,1.129477,"w1=0.45, w2=0.38, w3=0.17, w4=0.01",165145498.0821523,310681397.54
2026-03-15,1.111077,"w1=0.45, w2=0.38, w3=0.17, w4=0.01",165194248.42569807,305809308.01
2026-03-16,1.086459,"w1=0.45, w2=0.38, w3=0.17, w4=0.01",165250619.51260272,299422210.84
2026-03-17,1.058705,"w1=0.45, w2=0.38, w3=0.17, w4=0.01",165312543.14647338,292416841.89
2026-03-18,1.027538,"w1=0.45, w2=0.38, w3=0.17, w4=0.01",165378338.28098094,284786869.6
2026-03-19,1.092153,"w1=0.45, w2=0.38, w3=0.17, w4=0.01",165446517.444828,301265095.4
2026-03-20,1.172201,"w1=0.45, w2=0.38, w3=0.17, w4=0.01",165515776.55358958,323313475.97
2026-03-21,1.178546,"w1=0.45, w2=0.38, w3=0.17, w4=0.01",165585137.5439469,325269590.52
2026-03-22,1.153536,"w1=0.45, w2=0.38, w3=0.17, w4=0.01",165653663.10521936,318296492.65
2026-03-23,1.132535,"w1=0.45, w2=0.38, w3=0.17, w4=0.01",165720721.57151368,312600738.91
2026-03-24,1.143955,"w1=0.45, w2=0.38, w3=0.17, w4=0.01",165785732.21773428,315875581.55
2026-03-25,1.132546,"w1=0.45, w2=0.38, w3=0.17, w4=0.01",165848318.08197704,312844444.35
2026-03-26,1.124898,"w1=0.45, w2=0.38, w3=0.17, w4=0.01",164436127.0957236,308108103.72
2026-03-27,1.105157,"w1=0.45, w2=0.38, w3=0.17, w4=0.01",164390066.4263045,302752025.91
2026-03-28,1.074867,"w1=0.45, w2=0.38, w3=0.17, w4=0.01",164275877.53383613,294676165.42
2026-03-29,1.058915,"w1=0.45, w2=0.38, w3=0.17, w4=0.01",164115271.38636371,290351696.28
2026-03-30,1.134328,"w1=0.45, w2=0.38, w3=0.17, w4=0.01",163925791.99466795,309701772.33
2026-03-31,1.203977,"w1=0.45, w2=0.38, w3=0.17, w4=0.01",163720551.52011633,328946580.39
2026-04-01,1.221942,"w1=0.45, w2=0.38, w3=0.17, w4=0.01",163508841.5642373,333821801.51
2026-04-02,1.190939,"w1=0.45, w2=0.38, w3=0.17, w4=0.01",163229563.73408544,324183402.95
2026-04-03,1.171909,"w1=0.45, w2=0.38, w3=0.17, w4=0.01",162953902.70058116,318227029.24
2026-04-04,1.182759,"w1=0.45, w2=0.38, w3=0.17, w4=0.01",162689570.90051952,320776146.96
2026-04-05,1.172068,"w1=0.45, w2=0.38, w3=0.17, w4=0.01",162445656.17223755,317279087.49
2026-04-06,1.159069,"w1=0.45, w2=0.38, w3=0.17, w4=0.01",162227517.4876694,313237113.53
2026-04-07,1.139094,"w1=0.45, w2=0.38, w3=0.17, w4=0.01",162037803.7683035,307418501.52
2026-04-08,1.111869,"w1=0.45, w2=0.38, w3=0.17, w4=0.01",161877421.76034164,299876554.02
2026-04-09,1.09747,"w1=0.45, w2=0.38, w3=0.17, w4=0.01",161745933.37292227,295893039.52
2026-04-10,1.185772,"w1=0.45, w2=0.38, w3=0.17, w4=0.01",161641871.5110672,319562469.64
2026-04-11,1.256336,"w1=0.45, w2=0.38, w3=0.17, w4=0.01",161563259.67181972,340164099.12
2026-04-12,1.25382,"w1=0.45, w2=0.38, w3=0.17, w4=0.01",161507815.70743603,339280082.49
2026-04-13,1.226535,"w1=0.45, w2=0.38, w3=0.17, w4=0.01",161473023.1425021,331020080.86
2026-04-14,1.206047,"w1=0.45, w2=0.38, w3=0.17, w4=0.01",161456385.87792316,324995368.13
2026-04-15,1.201507,"w1=0.45, w2=0.38, w3=0.17, w4=0.01",161455428.1909235,323683768.78
2026-04-16,1.182316,"w1=0.45, w2=0.38, w3=0.17, w4=0.01",161467837.3692806,318242333.44
2026-04-17,1.164198,"w1=0.45, w2=0.38, w3=0.17, w4=0.01",161491412.77052718,313230043.67
2026-04-18,1.136316,"w1=0.45, w2=0.38, w3=0.17, w4=0.01",161524218.64434484,305697476.86
2026-04-19,1.096574,"w1=0.45, w2=0.38, w3=0.17, w4=0.01",161564390.55753207,295330377.97
2026-04-20,1.122005,"w1=0.45, w2=0.38, w3=0.17, w4=0.01",161610379.90983418,302047309.22
2026-04-21,1.226594,"w1=0.45, w2=0.38, w3=0.17, w4=0.01",161660739.98259214,331422365.86
2026-04-22,1.258615,"w1=0.45, w2=0.38, w3=0.17, w4=0.01",161714248.19665742,341179692.34
2026-04-23,1.239364,"w1=0.45, w2=0.38, w3=0.17, w4=0.01",161769804.2307964,335454908.33
2026-04-24,1.203823,"w1=0.45, w2=0.38, w3=0.17, w4=0.01",161826501.3388073,325096530.52
2026-04-25,1.1938,"w1=0.45, w2=0.38, w3=0.17, w4=0.01",162423863.6989158,323403370.65
2026-04-26,1.187784,"w1=0.45, w2=0.38, w3=0.17, w4=0.01",162515332.9955415,321862903.96
2026-04-27,1.16717,"w1=0.45, w2=0.38, w3=0.17, w4=0.01",162629450.57089284,316266254.12
2026-04-28,1.145252,"w1=0.45, w2=0.38, w3=0.17, w4=0.01",162757648.1827709,310459978.85
2026-04-29,1.118406,"w1=0.45, w2=0.38, w3=0.17, w4=0.01",162892845.060274,303486923.04
2026-04-30,1.07982,"w1=0.45, w2=0.38, w3=0.17, w4=0.01",163029692.41962758,293699834.78
2026-05-01,1.13158,"w1=0.45, w2=0.38, w3=0.17, w4=0.01",163164349.3246734,307520915.57
2026-05-02,1.233476,"w1=0.45, w2=0.38, w3=0.17, w4=0.01",163260861.7602866,336767858.35
2026-05-03,1.24394,"w1=0.45, w2=0.38, w3=0.17, w4=0.01",163346982.2731377,340116563.47
2026-05-04,1.219052,"w1=0.45, w2=0.38, w3=0.17, w4=0.01",163426398.97699124,332794284.49
2026-05-05,1.187668,"w1=0.45, w2=0.38, w3=0.17, w4=0.01",163503003.7488033,323785687.21
2026-05-06,1.191922,"w1=0.45, w2=0.38, w3=0.17, w4=0.01",163579343.62846652,325161590.77
2026-05-07,1.177884,"w1=0.45, w2=0.38, w3=0.17, w4=0.01",163656804.2056825,321293324.18
2026-05-08,1.157521,"w1=0.45, w2=0.38, w3=0.17, w4=0.01",163736088.46346164,315718723.98
2026-05-09,1.133705,"w1=0.45, w2=0.38, w3=0.17, w4=0.01",163817186.21364436,309327436.73
2026-05-10,1.103499,"w1=0.45, w2=0.38, w3=0.17, w4=0.01",163899801.99960312,301412909.83
2026-05-11,1.082789,"w1=0.45, w2=0.38, w3=0.17, w4=0.01",163983283.7791254,296180125.31
2026-05-12,1.155898,"w1=0.45, w2=0.38, w3=0.17, w4=0.01",164066948.94551992,315904447.17
2026-05-13,1.224602,"w1=0.45, w2=0.38, w3=0.17, w4=0.01",164149992.63418064,335927484.93
2026-05-14,1.217871,"w1=0.45, w2=0.38, w3=0.17, w4=0.01",164231711.86209717,334082117.68
2026-05-15,1.190846,"w1=0.45, w2=0.38, w3=0.17, w4=0.01",164311383.26994002,326305033.11
2026-05-16,1.169611,"w1=0.45, w2=0.38, w3=0.17, w4=0.01",164388466.88525188,320377165.73
2026-05-17,1.174011,"w1=0.45, w2=0.38, w3=0.17, w4=0.01",164462432.9237351,321770485.32
2026-05-18,1.149576,"w1=0.45, w2=0.38, w3=0.17, w4=0.01",164532934.98796433,315042600.86
2026-05-19,1.12676,"w1=0.45, w2=0.38, w3=0.17, w4=0.01",164599636.86867365,308917976.99
2026-05-20,1.099672,"w1=0.45, w2=0.38, w3=0.17, w4=0.01",164662375.55530998,301806722.0
2026-05-21,1.058596,"w1=0.45, w2=0.38, w3=0.17, w4=0.01",164721028.78995848,291343090.91
2026-05-22,1.07105,"w1=0.45, w2=0.38, w3=0.17, w4=0.01",164775566.0081404,294596442.91
2026-05-23,1.163917,"w1=0.45, w2=0.38, w3=0.17, w4=0.01",164826007.5861749,319618562.89
2026-05-24,1.21351,"w1=0.45, w2=0.38, w3=0.17, w4=0.01",164872384.0885407,334084130.99
2026-05-25,1.184494,"w1=0.45, w2=0.38, w3=0.17, w4=0.01",168282717.68243694,332314658.85
2026-05-26,1.155315,"w1=0.45, w2=0.38, w3=0.17, w4=0.01",168528996.06373933,324329270.65
2026-05-27,1.136463,"w1=0.45, w2=0.38, w3=0.17, w4=0.01",168907302.80491835,319711809.93
2026-05-28,1.13352,"w1=0.45, w2=0.38, w3=0.17, w4=0.01",169371404.03784215,319763266.96
2026-05-29,1.11454,"w1=0.45, w2=0.38, w3=0.17, w4=0.01",169882187.4179189,315440688.42
2026-05-30,1.089539,"w1=0.45, w2=0.38, w3=0.17, w4=0.01",170409995.2126383,309598458.93
2026-05-31,1.061107,"w1=0.45, w2=0.38, w3=0.17, w4=0.01",170933656.42641237,302988158.8
2026-06-01,1.037455,"w1=0.45, w2=0.38, w3=0.17, w4=0.01",171438765.00160825,297749071.2
2026-06-02,1.064948,"w1=0.45, w2=0.38, w3=0.17, w4=0.01",171886534.61474025,305690862.48
2026-06-03,1.159636,"w1=0.45, w2=0.38, w3=0.17, w4=0.01",172302333.7831394,332856477.15
2026-06-04,1.176246,"w1=0.45, w2=0.38, w3=0.17, w4=0.01",172685765.16858247,338528052.91
2026-06-05,1.153905,"w1=0.45, w2=0.38, w3=0.17, w4=0.01",173039824.08998322,332596784.25
2026-06-06,1.125024,"w1=0.45, w2=0.38, w3=0.17, w4=0.01",173367159.46883005,324878256.31
2026-06-07,1.123802,"w1=0.45, w2=0.38, w3=0.17, w4=0.01",173669982.1357498,325097608.36
2026-06-08,1.123228,"w1=0.45, w2=0.38, w3=0.17, w4=0.01",173950054.64234817,325458260.28
2026-06-09,1.108963,"w1=0.45, w2=0.38, w3=0.17, w4=0.01",174208782.95464593,321902306.85
2026-06-10,1.089581,"w1=0.45, w2=0.38, w3=0.17, w4=0.01",174447236.82939804,316944837.65
2026-06-11,1.065238,"w1=0.45, w2=0.38, w3=0.17, w4=0.01",174666343.38912538,310712546.35
2026-06-12,1.036758,"w1=0.45, w2=0.38, w3=0.17, w4=0.01",174866927.8747532,303521006.22
2026-06-13,1.08101,"w1=0.45, w2=0.38, w3=0.17, w4=0.01",175049683.08113232,315679863.05
2026-06-14,1.165559,"w1=0.45, w2=0.38, w3=0.17, w4=0.01",175215393.49654964,340257777.64
2026-06-15,1.18157,"w1=0.45, w2=0.38, w3=0.17, w4=0.01",175364853.79745173,345404117.31
2026-06-16,1.166962,"w1=0.45, w2=0.38, w3=0.17, w4=0.01",175498848.4721255,341230739.53
2026-06-17,1.148269,"w1=0.45, w2=0.38, w3=0.17, w4=0.01",175618253.70229402,335881848.01
2026-06-18,1.149722,"w1=0.45, w2=0.38, w3=0.17, w4=0.01",175723945.66968042,336514046.94
2026-06-19,1.138856,"w1=0.45, w2=0.38, w3=0.17, w4=0.01",175816871.87312472,333490458.48
2026-06-20,1.121266,"w1=0.45, w2=0.38, w3=0.17, w4=0.01",175897969.62330744,328538007.88
2026-06-21,1.094188,"w1=0.45, w2=0.38, w3=0.17, w4=0.01",175968155.85458994,320992125.82
2026-06-22,1.065343,"w1=0.45, w2=0.38, w3=0.17, w4=0.01",176028398.44213146,313163942.66
2026-06-23,1.040015,"w1=0.45, w2=0.38, w3=0.17, w4=0.01",176079553.19133592,306483254.11
2026-06-24,1.10817,"w1=0.45, w2=0.38, w3=0.17, w4=0.01",174725699.60678425,322634030.73
2026-06-25,1.182655,"w1=0.45, w2=0.38, w3=0.17, w4=0.01",174673994.69696298,344374188.67
2026-06-26,1.18865,"w1=0.45, w2=0.38, w3=0.17, w4=0.01",174558389.6503143,345979876.41
2026-06-27,1.16666,"w1=0.45, w2=0.38, w3=0.17, w4=0.01",174399270.9741392,339002348.63
2026-06-28,1.144864,"w1=0.45, w2=0.38, w3=0.17, w4=0.01",174214040.04498443,332199658.96
2026-06-29,1.152633,"w1=0.45, w2=0.38, w3=0.17, w4=0.01",174015839.58869615,334098222.06
2026-06-30,1.140077,"w1=0.45, w2=0.38, w3=0.17, w4=0.01",173814195.53447297,330045581.81
2026-07-01,1.135694,"w1=0.45, w2=0.38, w3=0.17, w4=0.01",173615679.245238,328402168.97
2026-07-02,1.115789,"w1=0.45, w2=0.38, w3=0.17, w4=0.01",173395910.45513856,322316766.5
2026-07-03,1.08751,"w1=0.45, w2=0.38, w3=0.17, w4=0.01",173186625.28123736,314088454.31
2026-07-04,1.075239,"w1=0.45, w2=0.38, w3=0.17, w4=0.01",172991603.53073514,310410427.71
2026-07-05,1.157635,"w1=0.45, w2=0.38, w3=0.17, w4=0.01",172814828.774024,333257997.25
2026-07-06,1.22033,"w1=0.45, w2=0.38, w3=0.17, w4=0.01",172658297.89037988,351994780.86
2026-07-07,1.21843,"w1=0.45, w2=0.38, w3=0.17, w4=0.01",172522581.41673866,351122502.62
2026-07-08,1.196361,"w1=0.45, w2=0.38, w3=0.17, w4=0.01",172407302.39119625,344063009.55
2026-07-09,1.178222,"w1=0.45, w2=0.38, w3=0.17, w4=0.01",172311391.05699775,338385346.46
2026-07-10,1.185375,"w1=0.45, w2=0.38, w3=0.17, w4=0.01",172233298.81388837,340381694.38
2026-07-11,1.164776,"w1=0.45, w2=0.38, w3=0.17, w4=0.01",172171252.92210287,334115184.31
2026-07-12,1.141238,"w1=0.45, w2=0.38, w3=0.17, w4=0.01",172123439.88923758,327168685.26
2026-07-13,1.113607,"w1=0.45, w2=0.38, w3=0.17, w4=0.01",172088025.84656987,319276083.5
2026-07-14,1.078062,"w1=0.45, w2=0.38, w3=0.17, w4=0.01",172063227.8661748,309501390.29
2026-07-15,1.107212,"w1=0.45, w2=0.38, w3=0.17, w4=0.01",172047476.9714785,317423111.71
2026-07-16,1.201317,"w1=0.45, w2=0.38, w3=0.17, w4=0.01",172039244.93854538,344843814.31
2026-07-17,1.240482,"w1=0.45, w2=0.38, w3=0.17, w4=0.01",172037217.4947908,357103284.44
2026-07-18,1.225573,"w1=0.45, w2=0.38, w3=0.17, w4=0.01",172040294.31898114,352380125.79
2026-07-19,1.194201,"w1=0.45, w2=0.38, w3=0.17, w4=0.01",172047344.52540407,342686730.86
2026-07-20,1.186133,"w1=0.45, w2=0.38, w3=0.17, w4=0.01",172057542.87313434,340262892.82
2026-07-21,1.182361,"w1=0.45, w2=0.38, w3=0.17, w4=0.01",172070186.37916157,339152374.85
2026-07-22,1.162776,"w1=0.45, w2=0.38, w3=0.17, w4=0.01",172084531.3078371,333357894.19
2026-07-23,1.139734,"w1=0.45, w2=0.38, w3=0.17, w4=0.01",172100078.439342,326692287.3
2026-07-24,1.111572,"w1=0.45, w2=0.38, w3=0.17, w4=0.01",172099426.39712948,318730026.84
2026-07-25,1.080488,"w1=0.45, w2=0.38, w3=0.17, w4=0.01",172117520.568527,310251475.72
2026-07-26,1.12451,"w1=0.45, w2=0.38, w3=0.17, w4=0.01",172134983.07403117,322424054.83
2026-07-27,1.224741,"w1=0.45, w2=0.38, w3=0.17, w4=0.01",172151905.6070781,352346860.37
2026-07-28,1.245033,"w1=0.45, w2=0.38, w3=0.17, w4=0.01",172168267.79134864,358835292.94
2026-07-29,1.224561,"w1=0.45, w2=0.38, w3=0.17, w4=0.01",172184100.1913215,352356118.9
2026-07-30,1.197831,"w1=0.45, w2=0.38, w3=0.17, w4=0.01",172199372.24251798,344097087.66
2026-07-31,1.199462,"w1=0.45, w2=0.38, w3=0.17, w4=0.01",172214012.62782106,344625429.58
2026-08-01,1.191247,"w1=0.45, w2=0.38, w3=0.17, w4=0.01",172228062.09986904,342148435.93
2026-08-02,1.165628,"w1=0.45, w2=0.38, w3=0.17, w4=0.01",172211618.41032195,334445002.01
2026-08-03,1.13775,"w1=0.45, w2=0.38, w3=0.17, w4=0.01",172195928.64458308,326305126.31
2026-08-04,1.100543,"w1=0.45, w2=0.38, w3=0.17, w4=0.01",172183672.28861952,315832018.09
2026-08-05,1.100654,"w1=0.45, w2=0.38, w3=0.17, w4=0.01",172177803.9087068,315851809.39
2026-08-06,1.189541,"w1=0.45, w2=0.38, w3=0.17, w4=0.01",172179678.53006783,341535003.03
2026-08-07,1.251412,"w1=0.45, w2=0.38, w3=0.17, w4=0.01",172189744.43172365,360938809.32
2026-08-08,1.245437,"w1=0.45, w2=0.38, w3=0.17, w4=0.01",172207685.78072765,359047429.53
2026-08-09,1.21249,"w1=0.45, w2=0.38, w3=0.17, w4=0.01",172232901.47566512,348681872.99
2026-08-10,1.19209,"w1=0.45, w2=0.38, w3=0.17, w4=0.01",172264525.52297255,342476976.17
2026-08-11,1.195235,"w1=0.45, w2=0.38, w3=0.17, w4=0.01",172301498.3540546,343508187.19
2026-08-12,1.174072,"w1=0.45, w2=0.38, w3=0.17, w4=0.01",172342780.77663505,337206564.64
2026-08-13,1.153228,"w1=0.45, w2=0.38, w3=0.17, w4=0.01",172387292.84579942,331145023.07
2026-08-14,1.124063,"w1=0.45, w2=0.38, w3=0.17, w4=0.01",172434076.87454805,322857868.37
2026-08-15,1.081223,"w1=0.45, w2=0.38, w3=0.17, w4=0.01",172482205.74036,311107261.41
2026-08-16,1.114344,"w1=0.45, w2=0.38, w3=0.17, w4=0.01",172530915.3312675,320304023.37
2026-08-17,1.226492,"w1=0.45, w2=0.38, w3=0.17, w4=0.01",172579441.5353027,353774677.22
2026-08-18,1.261,"w1=0.45, w2=0.38, w3=0.17, w4=0.01",172627285.13264668,364985055.83
2026-08-19,1.244205,"w1=0.45, w2=0.38, w3=0.17, w4=0.01",172673906.1508422,359622209.84
2026-08-20,1.204287,"w1=0.45, w2=0.38, w3=0.17, w4=0.01",172718917.4398255,347121757.91
2026-08-21,1.199012,"w1=0.45, w2=0.38, w3=0.17, w4=0.01",172762064.2956074,345583934.82
2026-08-22,1.19501,"w1=0.45, w2=0.38, w3=0.17, w4=0.01",172803071.63787943,344439322.87
2026-08-23,1.187139,"w1=0.45, w2=0.38, w3=0.17, w4=0.01",169543166.2200445,335589600.85
2026-08-24,1.162387,"w1=0.45, w2=0.38, w3=0.17, w4=0.01",169336356.76891896,327921612.8
2026-08-25,1.137893,"w1=0.45, w2=0.38, w3=0.17, w4=0.01",168969664.52965057,320231682.32
2026-08-26,1.111721,"w1=0.45, w2=0.38, w3=0.17, w4=0.01",168498431.58502725,312101564.89
2026-08-27,1.171527,"w1=0.45, w2=0.38, w3=0.17, w4=0.01",167969197.44796798,327910472.89
2026-08-28,1.267155,"w1=0.45, w2=0.38, w3=0.17, w4=0.01",167417223.33874694,355934115.42
2026-08-29,1.267595,"w1=0.45, w2=0.38, w3=0.17, w4=0.01",166867419.30751443,354905699.37
2026-08-30,1.240814,"w1=0.45, w2=0.38, w3=0.17, w4=0.01",166335862.27007303,345371460.29
2026-08-31,1.213494,"w1=0.45, w2=0.38, w3=0.17, w4=0.01",165832078.15562135,336023987.2
2026-09-01,1.228484,"w1=0.45, w2=0.38, w3=0.17, w4=0.01",165360794.2702002,339580764.92
2026-09-02,1.209811,"w1=0.45, w2=0.38, w3=0.17, w4=0.01",164885689.82494003,333012064.7
2026-09-03,1.185865,"w1=0.45, w2=0.38, w3=0.17, w4=0.01",164438460.1842653,325118065.0
2026-09-04,1.164339,"w1=0.45, w2=0.38, w3=0.17, w4=0.01",164023975.28845072,318181822.65
2026-09-05,1.129003,"w1=0.45, w2=0.38, w3=0.17, w4=0.01",163646493.78819695,307733482.23
2026-09-06,1.128386,"w1=0.45, w2=0.38, w3=0.17, w4=0.01",163307727.2943118,306930395.32
2026-09-07,1.222485,"w1=0.45, w2=0.38, w3=0.17, w4=0.01",163007451.66728473,332959476.05
2026-09-08,1.284146,"w1=0.45, w2=0.38, w3=0.17, w4=0.01",162744260.941095,351337574.31
2026-09-09,1.27076,"w1=0.45, w2=0.38, w3=0.17, w4=0.01",162515740.52192435,346636321.32
2026-09-10,1.234571,"w1=0.45, w2=0.38, w3=0.17, w4=0.01",162318956.2198164,335153018.15
2026-09-11,1.215852,"w1=0.45, w2=0.38, w3=0.17, w4=0.01",162150821.0224212,329255905.71
2026-09-12,1.222872,"w1=0.45, w2=0.38, w3=0.17, w4=0.01",162008217.35291022,331032762.74
2026-09-13,1.204578,"w1=0.45, w2=0.38, w3=0.17, w4=0.01",161888098.95157173,325438756.11
2026-09-14,1.188075,"w1=0.45, w2=0.38, w3=0.17, w4=0.01",161787715.0153217,320504545.74
2026-09-15,1.163082,"w1=0.45, w2=0.38, w3=0.17, w4=0.01",161704498.12794825,313334554.59
2026-09-16,1.120639,"w1=0.45, w2=0.38, w3=0.17, w4=0.01",161636105.01275018,301734417.89
2026-09-17,1.146017,"w1=0.45, w2=0.38, w3=0.17, w4=0.01",161580569.35493034,308422149.44
2026-09-18,1.244563,"w1=0.45, w2=0.38, w3=0.17, w4=0.01",161536016.5331277,336533641.57
2026-09-19,1.285654,"w1=0.45, w2=0.38, w3=0.17, w4=0.01",161500867.3826088,349128168.29
2026-09-20,1.273886,"w1=0.45, w2=0.38, w3=0.17, w4=0.01",161473766.87815076,345384830.1
2026-09-21,1.242365,"w1=0.45, w2=0.38, w3=0.17, w4=0.01",161453461.87612635,335699903.88
2026-09-22,1.24086,"w1=0.45, w2=0.38, w3=0.17, w4=0.01",160659315.2139099,333598704.15
2026-09-23,1.236654,"w1=0.45, w2=0.38, w3=0.17, w4=0.01",160605817.1880042,332234342.03
2026-09-24,1.217027,"w1=0.45, w2=0.38, w3=0.17, w4=0.01",160514969.3691123,326275831.14
2026-09-25,1.193694,"w1=0.45, w2=0.38, w3=0.17, w4=0.01",160397652.71165577,319338915.32
2026-09-26,1.166251,"w1=0.45, w2=0.38, w3=0.17, w4=0.01",160263678.41330114,311412674.47
2026-09-27,1.130288,"w1=0.45, w2=0.38, w3=0.17, w4=0.01",160120881.1687583,301443061.12
2026-09-28,1.171365,"w1=0.45, w2=0.38, w3=0.17, w4=0.01",159975322.9329718,312260063.6
2026-09-29,1.277112,"w1=0.45, w2=0.38, w3=0.17, w4=0.01",159831191.03952518,342866680.21
2026-09-30,1.307729,"w1=0.45, w2=0.38, w3=0.17, w4=0.01",159691399.3020557,352178103.87
2026-10-01,1.294431,"w1=0.45, w2=0.38, w3=0.17, w4=0.01",159557649.14321163,347673187.76
2026-10-02,1.26436,"w1=0.45, w2=0.38, w3=0.17, w4=0.01",159384236.47915885,338004850.48
2026-10-03,1.265988,"w1=0.45, w2=0.38, w3=0.17, w4=0.01",159202785.3572048,338114790.1
2026-10-04,1.254387,"w1=0.45, w2=0.38, w3=0.17, w4=0.01",159018002.7070711,334219791.46
2026-10-05,1.231287,"w1=0.45, w2=0.38, w3=0.17, w4=0.01",158836378.38640434,327000551.12
2026-10-06,1.206864,"w1=0.45, w2=0.38, w3=0.17, w4=0.01",158663240.80265996,319605325.96
2026-10-07,1.174306,"w1=0.45, w2=0.38, w3=0.17, w4=0.01",158502675.40782583,310191149.61
2026-10-08,1.147256,"w1=0.45, w2=0.38, w3=0.17, w4=0.01",158357453.38130516,302599558.35
2026-10-09,1.218588,"w1=0.45, w2=0.38, w3=0.17, w4=0.01",158229164.07599095,322077545.59
2026-10-10,1.311714,"w1=0.45, w2=0.38, w3=0.17, w4=0.01",158118337.27618098,349970817.21
2026-10-11,1.316186,"w1=0.45, w2=0.38, w3=0.17, w4=0.01",158024850.72396028,351185628.18
2026-10-12,1.293553,"w1=0.45, w2=0.38, w3=0.17, w4=0.01",157947889.36656326,343892488.39
2026-10-13,1.270145,"w1=0.45, w2=0.38, w3=0.17, w4=0.01",157886312.13011798,336575621.49
2026-10-14,1.275553,"w1=0.45, w2=0.38, w3=0.17, w4=0.01",157838753.801242,338117150.72
2026-10-15,1.256569,"w1=0.45, w2=0.38, w3=0.17, w4=0.01",157803737.09679753,332318124.36
2026-10-16,1.236326,"w1=0.45, w2=0.38, w3=0.17, w4=0.01",157779845.86260423,326292665.78
2026-10-17,1.207773,"w1=0.45, w2=0.38, w3=0.17, w4=0.01",157765572.2510457,318054304.88
2026-10-18,1.170612,"w1=0.45, w2=0.38, w3=0.17, w4=0.01",157759632.554016,307730315.52
2026-10-19,1.170333,"w1=0.45, w2=0.38, w3=0.17, w4=0.01",157760773.6278879,307656669.98
2026-10-20,1.260088,"w1=0.45, w2=0.38, w3=0.17, w4=0.01",157767925.71590653,333294693.9
2026-10-21,1.331652,"w1=0.45, w2=0.38, w3=0.17, w4=0.01",157780049.62579566,355603948.3
2026-10-22,1.331825,"w1=0.45, w2=0.38, w3=0.17, w4=0.01",156435283.87958103,352628621.22
2026-10-23,1.300908,"w1=0.45, w2=0.38, w3=0.17, w4=0.01",156347950.97574106,342681206.61
2026-10-24,1.285493,"w1=0.45, w2=0.38, w3=0.17, w4=0.01",156194048.63726616,337606963.48
2026-10-25,1.289751,"w1=0.45, w2=0.38, w3=0.17, w4=0.01",155992730.60414925,338470748.22
2026-10-26,1.269523,"w1=0.45, w2=0.38, w3=0.17, w4=0.01",155760644.32912883,331858342.76
2026-10-27,1.25011,"w1=0.45, w2=0.38, w3=0.17, w4=0.01",155510912.161732,325596615.2
2026-10-28,1.222323,"w1=0.45, w2=0.38, w3=0.17, w4=0.01",155253314.73514655,317075006.07
2026-10-29,1.184935,"w1=0.45, w2=0.38, w3=0.17, w4=0.01",154994861.5031572,306194238.62
2026-10-30,1.208581,"w1=0.45, w2=0.38, w3=0.17, w4=0.01",154740279.7718047,312179789.65
2026-10-31,1.326049,"w1=0.45, w2=0.38, w3=0.17, w4=0.01",154492768.62319425,346425433.98
2026-11-01,1.377899,"w1=0.45, w2=0.38, w3=0.17, w4=0.01",154254263.8076443,362656190.03
2026-11-02,1.361402,"w1=0.45, w2=0.38, w3=0.17, w4=0.01",153973844.9036205,356570639.29
2026-11-03,1.328193,"w1=0.45, w2=0.38, w3=0.17, w4=0.01",153691408.74400175,345300907.5
2026-11-04,1.318252,"w1=0.45, w2=0.38, w3=0.17, w4=0.01",153413679.51410463,341577919.25
2026-11-05,1.313905,"w1=0.45, w2=0.38, w3=0.17, w4=0.01",153147136.88341615,339642052.1
2026-11-06,1.288777,"w1=0.45, w2=0.38, w3=0.17, w4=0.01",152896080.2552751,331459940.71
2026-11-07,1.265132,"w1=0.45, w2=0.38, w3=0.17, w4=0.01",152663117.7985316,323976295.27
2026-11-08,1.233796,"w1=0.45, w2=0.38, w3=0.17, w4=0.01",152449635.10288727,314556911.49
2026-11-09,1.201241,"w1=0.45, w2=0.38, w3=0.17, w4=0.01",152256080.44736323,305168859.75
2026-11-10,1.248601,"w1=0.45, w2=0.38, w3=0.17, w4=0.01",152082209.31612977,317987197.77
2026-11-11,1.363401,"w1=0.45, w2=0.38, w3=0.17, w4=0.01",151927369.66697437,352475166.41
2026-11-12,1.383784,"w1=0.45, w2=0.38, w3=0.17, w4=0.01",151790501.93130165,358795209.91
2026-11-13,1.361579,"w1=0.45, w2=0.38, w3=0.17, w4=0.01",151670424.28260148,351293253.81
2026-11-14,1.323264,"w1=0.45, w2=0.38, w3=0.17, w4=0.01",151565812.26012957,339003139.22
2026-11-15,1.32592,"w1=0.45, w2=0.38, w3=0.17, w4=0.01",151475402.53209925,339619646.45
2026-11-16,1.312502,"w1=0.45, w2=0.38, w3=0.17, w4=0.01",151397829.885128,335335536.88
2026-11-17,1.29413,"w1=0.45, w2=0.38, w3=0.17, w4=0.01",151331851.36374816,329659606.26
2026-11-18,1.273718,"w1=0.45, w2=0.38, w3=0.17, w4=0.01",151276285.1414496,323523928.52
2026-11-19,1.241811,"w1=0.45, w2=0.38, w3=0.17, w4=0.01",151230010.5206795,314286933.3
2026-11-20,1.217871,"w1=0.45, w2=0.38, w3=0.17, w4=0.01",151192029.06179997,307556638.56
2026-11-21,1.279408,"w1=0.45, w2=0.38, w3=0.17, w4=0.01",154851218.64136997,332872048.16
2026-11-22,1.360764,"w1=0.45, w2=0.38, w3=0.17, w4=0.01",155092953.10350382,358952820.48
2026-11-23,1.354884,"w1=0.45, w2=0.38, w3=0.17, w4=0.01",155531818.26517105,358039646.67
2026-11-24,1.317854,"w1=0.45, w2=0.38, w3=0.17, w4=0.01",156114693.06237003,347466212.1
2026-11-25,1.284137,"w1=0.45, w2=0.38, w3=0.17, w4=0.01",156795170.42825624,338491736.0
2026-11-26,1.289777,"w1=0.45, w2=0.38, w3=0.17, w4=0.01",157536318.28438595,341828030.64
2026-11-27,1.266497,"w1=0.45, w2=0.38, w3=0.17, w4=0.01",158310180.32089713,336373068.55
2026-11-28,1.239915,"w1=0.45, w2=0.38, w3=0.17, w4=0.01",159096482.10024416,330074153.16
2026-11-29,1.20841,"w1=0.45, w2=0.38, w3=0.17, w4=0.01",159881153.77405986,322502116.19
2026-11-30,1.16251,"w1=0.45, w2=0.38, w3=0.17, w4=0.01",160654883.36449665,311143618.59
2026-12-01,1.175161,"w1=0.45, w2=0.38, w3=0.17, w4=0.01",161411843.24428007,316123401.27
2026-12-02,1.268798,"w1=0.45, w2=0.38, w3=0.17, w4=0.01",162099238.3705148,345137838.28
2026-12-03,1.319861,"w1=0.45, w2=0.38, w3=0.17, w4=0.01",162751127.76064566,362897625.78
2026-12-04,1.305281,"w1=0.45, w2=0.38, w3=0.17, w4=0.01",163371749.68905404,359496456.61
2026-12-05,1.262903,"w1=0.45, w2=0.38, w3=0.17, w4=0.01",163966748.39614215,347267678.17
2026-12-06,1.243873,"w1=0.45, w2=0.38, w3=0.17, w4=0.01",164540545.54316363,342581200.78
2026-12-07,1.243693,"w1=0.45, w2=0.38, w3=0.17, w4=0.01",165096401.34118113,343683084.72
2026-12-08,1.217578,"w1=0.45, w2=0.38, w3=0.17, w4=0.01",165636648.87873632,336852033.27
2026-12-09,1.195127,"w1=0.45, w2=0.38, w3=0.17, w4=0.01",166162796.00344566,331238020.0
2026-12-10,1.166444,"w1=0.45, w2=0.38, w3=0.17, w4=0.01",166675657.7680748,323927168.93
2026-12-11,1.135515,"w1=0.45, w2=0.38, w3=0.17, w4=0.01",167175631.51084706,316170836.79
2026-12-12,1.176345,"w1=0.45, w2=0.38, w3=0.17, w4=0.01",167662707.0436028,328709790.61
2026-12-13,1.272125,"w1=0.45, w2=0.38, w3=0.17, w4=0.01",168136711.16762933,359066577.47
2026-12-14,1.276666,"w1=0.45, w2=0.38, w3=0.17, w4=0.01",168597338.23813954,361526286.23
2026-12-15,1.251596,"w1=0.45, w2=0.38, w3=0.17, w4=0.01",169044201.10506976,354403724.35
2026-12-16,1.223105,"w1=0.45, w2=0.38, w3=0.17, w4=0.01",169477014.499952,346365848.12
2026-12-17,1.226561,"w1=0.45, w2=0.38, w3=0.17, w4=0.01",169895595.03591394,348294461.6
2026-12-18,1.212195,"w1=0.45, w2=0.38, w3=0.17, w4=0.01",170299677.8208068,344677509.22
2026-12-19,1.190618,"w1=0.45, w2=0.38, w3=0.17, w4=0.01",170689232.29015186,338902203.48
2026-12-20,1.16545,"w1=0.45, w2=0.38, w3=0.17, w4=0.01",171064289.00842783,332164612.33
2026-12-21,1.130236,"w1=0.45, w2=0.38, w3=0.17, w4=0.01",171848318.82819057,323506347.18
2026-12-22,1.102498,"w1=0.45, w2=0.38, w3=0.17, w4=0.01",172245320.8421818,316484006.97
2026-12-23,1.160706,"w1=0.45, w2=0.38, w3=0.17, w4=0.01",172650677.147021,333844338.14
2026-12-24,1.240546,"w1=0.45, w2=0.38, w3=0.17, w4=0.01",173060251.34992248,359247417.36
2026-12-25,1.241882,"w1=0.45, w2=0.38, w3=0.17, w4=0.01",173470233.07920676,360529597.37
2026-12-26,1.212062,"w1=0.45, w2=0.38, w3=0.17, w4=0.01",173877382.5001304,351876901.41
2026-12-27,1.190664,"w1=0.45, w2=0.38, w3=0.17, w4=0.01",174279376.71231127,346044531.11
2026-12-28,1.199493,"w1=0.45, w2=0.38, w3=0.17, w4=0.01",174674351.28254795,349558557.26
2026-12-29,1.182379,"w1=0.45, w2=0.38, w3=0.17, w4=0.01",175061114.19617063,345053030.76
2026-12-30,1.158521,"w1=0.45, w2=0.38, w3=0.17, w4=0.01",175438758.70697755,338582396.85
2026-12-31,1.13006,"w1=0.45, w2=0.38, w3=0.17, w4=0.01",175806785.59514973,330907134.99
