Date,F,weights,Votable Supply,IVS
2023-12-04,0.95234,"w1=0.34, w2=0.32, w3=0.24, w4=0.09",82765569.72,134185539.16
2023-12-05,0.899623,"w1=0.34, w2=0.32, w3=0.24, w4=0.09",82498452.48,126526537.64
2023-12-06,0.863038,"w1=0.34, w2=0.32, w3=0.24, w4=0.09",82944352.75,122464927.9
2023-12-07,0.871811,"w1=0.34, w2=0.32, w3=0.24, w4=0.09",82127363.78,122364288.36
2023-12-08,0.911692,"w1=0.34, w2=0.32, w3=0.24, w4=0.09",82158482.04,127607568.0
2023-12-09,0.886628,"w1=0.34, w2=0.32, w3=0.24, w4=0.09",82051659.44,124147148.86
2023-12-10,0.869501,"w1=0.34, w2=0.32, w3=0.24, w4=0.09",82000609.04,121883489.72
2023-12-11,0.851239,"w1=0.34, w2=0.32, w3=0.24, w4=0.09",81792099.12,119303232.56
2023-12-12,0.921399,"w1=0.34, w2=0.32, w3=0.24, w4=0.09",81534903.35,127937071.46
2023-12-13,0.867282,"w1=0.34, w2=0.32, w3=0.24, w4=0.09",81700583.44,121158979.61
2023-12-14,0.855247,"w1=0.34, w2=0.32, w3=0.24, w4=0.09",81731496.13,119707947.7
2023-12-15,0.838615,"w1=0.34, w2=0.32, w3=0.24, w4=0.09",81707088.7,117643915.11
2023-12-16,0.829884,"w1=0.34, w2=0.32, w3=0.24, w4=0.09",81642104.65,116504574.74
2023-12-17,0.832833,"w1=0.34, w2=0.32, w3=0.24, w4=0.09",81603284.22,116800851.1
2023-12-18,0.833494,"w1=0.34, w2=0.32, w3=0.24, w4=0.09",81058572.53,116099682.31
2023-12-19,0.849766,"w1=0.34, w2=0.32, w3=0.24, w4=0.09",80957551.86,117907104.22
2023-12-20,0.830172,"w1=0.34, w2=0.32, w3=0.24, w4=0.09",80819116.73,115364111.21
2023-12-21,0.833425,"w1=0.34, w2=0.32, w3=0.24, w4=0.09",80727780.38,115617727.51
2023-12-22,0.877057,"w1=0.34, w2=0.32, w3=0.24, w4=0.09",76850174.41,115126174.0
2023-12-23,0.944679,"w1=0.34, w2=0.32, w3=0.24, w4=0.09",76503915.0,123029942.14
2023-12-24,0.923067,"w1=0.34, w2=0.32, w3=0.24, w4=0.09",76171580.22,119731423.8
2023-12-25,0.903148,"w1=0.34, w2=0.32, w3=0.24, w4=0.09",76105787.19,117153250.48
2023-12-26,0.850462,"w1=0.34, w2=0.32, w3=0.24, w4=0.09",76063269.96,110858394.79
2023-12-27,0.87701,"w1=0.34, w2=0.32, w3=0.24, w4=0.09",75251500.63,112725766.38
2023-12-28,0.930886,"w1=0.34, w2=0.32, w3=0.24, w4=0.09",75047182.04,118940085.11
2023-12-29,0.8913,"w1=0.34, w2=0.32, w3=0.24, w4=0.09",74973578.22,113991164.08
2023-12-30,0.883389,"w1=0.34, w2=0.32, w3=0.24, w4=0.09",74927314.27,112986373.05
2023-12-31,0.846059,"w1=0.34, w2=0.32, w3=0.24, w4=0.09",74905236.67,108677492.4
2024-01-01,0.849534,"w1=0.34, w2=0.32, w3=0.24, w4=0.09",74779230.47,108882968.19
2024-01-02,0.855105,"w1=0.34, w2=0.32, w3=0.24, w4=0.09",74244867.78,108726753.76
2024-01-03,0.861919,"w1=0.34, w2=0.32, w3=0.24, w4=0.09",73764045.53,108784655.52
2024-01-04,0.931547,"w1=0.34, w2=0.32, w3=0.24, w4=0.09",73792060.55,117032480.66
2024-01-05,0.875781,"w1=0.34, w2=0.32, w3=0.24, w4=0.09",73800200.2,110410856.07
2024-01-06,0.866929,"w1=0.34, w2=0.32, w3=0.24, w4=0.09",73760674.07,109344446.78
2024-01-07,0.854995,"w1=0.34, w2=0.32, w3=0.24, w4=0.09",73837490.38,108117919.89
2024-01-08,0.856052,"w1=0.34, w2=0.32, w3=0.24, w4=0.09",73918490.82,108354503.14
2024-01-09,0.892733,"w1=0.34, w2=0.32, w3=0.24, w4=0.09",73805710.74,112383307.72
2024-01-10,0.897529,"w1=0.34, w2=0.32, w3=0.24, w4=0.09",73861336.12,113032371.63
2024-01-11,0.937646,"w1=0.34, w2=0.32, w3=0.24, w4=0.09",73690653.49,117626993.93
2024-01-12,0.909045,"w1=0.34, w2=0.32, w3=0.24, w4=0.09",73449269.83,113764322.03
2024-01-13,0.938119,"w1=0.34, w2=0.32, w3=0.24, w4=0.09",73344587.06,117133157.78
2024-01-14,0.871933,"w1=0.34, w2=0.32, w3=0.24, w4=0.09",73244324.19,109142947.34
2024-01-15,0.876809,"w1=0.34, w2=0.32, w3=0.24, w4=0.09",72737503.78,108937107.08
2024-01-16,0.885364,"w1=0.34, w2=0.32, w3=0.24, w4=0.09",72712126.07,109871469.68
2024-01-17,0.875641,"w1=0.34, w2=0.32, w3=0.24, w4=0.09",72639280.18,108658247.95
2024-01-18,0.776263,"w1=0.34, w2=0.32, w3=0.24, w4=0.09",89035209.01,120338587.03
2024-01-19,0.785563,"w1=0.34, w2=0.32, w3=0.24, w4=0.09",88970519.92,121380487.46
2024-01-20,0.793226,"w1=0.34, w2=0.32, w3=0.24, w4=0.09",88872382.18,122186855.5
2024-01-21,0.775094,"w1=0.34, w2=0.32, w3=0.24, w4=0.09",88793799.87,119871629.82
2024-01-22,0.776671,"w1=0.34, w2=0.32, w3=0.24, w4=0.09",88756442.89,120010939.85
2024-01-23,0.806465,"w1=0.34, w2=0.32, w3=0.24, w4=0.09",88749073.24,123662638.84
2024-01-24,0.833384,"w1=0.34, w2=0.32, w3=0.24, w4=0.09",88788223.61,127156499.87
2024-01-25,0.798618,"w1=0.34, w2=0.32, w3=0.24, w4=0.09",88757109.48,122694980.65
2024-01-26,0.799923,"w1=0.34, w2=0.32, w3=0.24, w4=0.09",88995782.29,123187419.09
2024-01-27,0.810561,"w1=0.34, w2=0.32, w3=0.24, w4=0.09",88979751.1,124500449.32
2024-01-28,0.794787,"w1=0.34, w2=0.32, w3=0.24, w4=0.09",88708693.37,122154186.59
2024-01-29,0.807406,"w1=0.34, w2=0.32, w3=0.24, w4=0.09",88791756.55,123840242.55
2024-01-30,0.808707,"w1=0.34, w2=0.32, w3=0.24, w4=0.09",88719196.5,123902477.3
2024-01-31,0.824888,"w1=0.34, w2=0.32, w3=0.24, w4=0.09",88773757.29,126036898.65
2024-02-01,0.827192,"w1=0.34, w2=0.32, w3=0.24, w4=0.09",88664662.48,126178400.22
2024-02-02,0.814339,"w1=0.34, w2=0.32, w3=0.24, w4=0.09",88595816.08,124440021.72
2024-02-03,0.815072,"w1=0.34, w2=0.32, w3=0.24, w4=0.09",88627420.62,124577231.6
2024-02-04,0.81568,"w1=0.34, w2=0.32, w3=0.24, w4=0.09",88564328.69,124565553.03
2024-02-05,0.822898,"w1=0.34, w2=0.32, w3=0.24, w4=0.09",88626085.64,125572099.49
2024-02-06,0.83119,"w1=0.34, w2=0.32, w3=0.24, w4=0.09",88641251.53,126661455.02
2024-02-07,0.863885,"w1=0.34, w2=0.32, w3=0.24, w4=0.09",88530066.11,130826520.26
2024-02-08,0.849897,"w1=0.34, w2=0.32, w3=0.24, w4=0.09",88507007.1,128919552.67
2024-02-09,0.839589,"w1=0.34, w2=0.32, w3=0.24, w4=0.09",88460474.63,127494848.27
2024-02-10,0.847809,"w1=0.34, w2=0.32, w3=0.24, w4=0.09",88391656.46,128475355.5
2024-02-11,0.840967,"w1=0.34, w2=0.32, w3=0.24, w4=0.09",88478776.53,127701565.77
2024-02-12,0.853174,"w1=0.34, w2=0.32, w3=0.24, w4=0.09",89485371.94,130785046.56
2024-02-13,0.858353,"w1=0.34, w2=0.32, w3=0.24, w4=0.09",89637317.03,131708323.79
2024-02-14,0.854374,"w1=0.34, w2=0.32, w3=0.24, w4=0.09",89613901.32,131134888.47
2024-02-15,0.885975,"w1=0.34, w2=0.32, w3=0.24, w4=0.09",89506695.93,135334879.93
2024-02-16,0.893398,"w1=0.34, w2=0.32, w3=0.24, w4=0.09",89478749.54,136343040.45
2024-02-17,0.888605,"w1=0.34, w2=0.32, w3=0.24, w4=0.09",89455271.52,135627987.96
2024-02-18,0.885367,"w1=0.34, w2=0.32, w3=0.24, w4=0.09",89387473.61,135069131.98
2024-02-19,0.887089,"w1=0.34, w2=0.32, w3=0.24, w4=0.09",89332598.52,135228354.38
2024-02-20,0.893712,"w1=0.34, w2=0.32, w3=0.24, w4=0.09",90123095.23,137369849.15
2024-02-21,0.920802,"w1=0.34, w2=0.32, w3=0.24, w4=0.09",90025883.22,141171645.8
2024-02-22,0.900236,"w1=0.34, w2=0.32, w3=0.24, w4=0.09",89863137.64,137909969.35
2024-02-23,0.897974,"w1=0.34, w2=0.32, w3=0.24, w4=0.09",89749622.84,137410581.5
2024-02-24,0.89048,"w1=0.34, w2=0.32, w3=0.24, w4=0.09",89826439.94,136457042.5
2024-02-25,0.883825,"w1=0.34, w2=0.32, w3=0.24, w4=0.09",89683970.94,135299952.03
2024-02-26,0.885934,"w1=0.34, w2=0.32, w3=0.24, w4=0.09",89560158.46,135409937.91
2024-02-27,0.891349,"w1=0.34, w2=0.32, w3=0.24, w4=0.09",89586226.95,136215453.17
2024-02-28,0.896343,"w1=0.34, w2=0.32, w3=0.24, w4=0.09",89509028.29,136808995.72
2024-02-29,0.91011,"w1=0.34, w2=0.32, w3=0.24, w4=0.09",89388312.6,138606697.35
2024-03-01,0.938048,"w1=0.34, w2=0.32, w3=0.24, w4=0.09",89483009.37,142895897.71
2024-03-02,0.909828,"w1=0.34, w2=0.32, w3=0.24, w4=0.09",89408463.04,138596958.74
2024-03-03,0.914539,"w1=0.34, w2=0.32, w3=0.24, w4=0.09",89310945.83,139131768.18
2024-03-04,0.937788,"w1=0.34, w2=0.32, w3=0.24, w4=0.09",89361017.99,142661865.51
2024-03-05,0.910534,"w1=0.34, w2=0.32, w3=0.24, w4=0.09",88928229.75,137954606.69
2024-03-06,0.926672,"w1=0.34, w2=0.32, w3=0.24, w4=0.09",88897377.05,140266207.66
2024-03-07,0.861083,"w1=0.34, w2=0.32, w3=0.24, w4=0.09",88895436.65,130986778.31
2024-03-08,0.827737,"w1=0.34, w2=0.32, w3=0.24, w4=0.09",88830276.06,126484460.4
2024-03-09,0.827673,"w1=0.34, w2=0.32, w3=0.24, w4=0.09",88512924.77,126024349.87
2024-03-10,0.810581,"w1=0.34, w2=0.32, w3=0.24, w4=0.09",88407597.3,123702404.03
2024-03-11,0.820547,"w1=0.34, w2=0.32, w3=0.24, w4=0.09",88296552.52,124805768.04
2024-03-12,0.838059,"w1=0.34, w2=0.32, w3=0.24, w4=0.09",88219431.85,126948189.77
2024-03-13,0.844202,"w1=0.34, w2=0.32, w3=0.24, w4=0.09",88112918.98,127596457.8
2024-03-14,0.820271,"w1=0.34, w2=0.32, w3=0.24, w4=0.09",87943411.54,124271660.26
2024-03-15,0.833777,"w1=0.34, w2=0.32, w3=0.24, w4=0.09",88118244.96,126247761.77
2024-03-16,0.851321,"w1=0.34, w2=0.32, w3=0.24, w4=0.09",87972794.4,128329321.35
2024-03-17,0.839174,"w1=0.34, w2=0.32, w3=0.24, w4=0.09",87971519.81,126736201.18
2024-03-18,0.831525,"w1=0.34, w2=0.32, w3=0.24, w4=0.09",87831849.04,125547880.32
2024-03-19,0.840413,"w1=0.34, w2=0.32, w3=0.24, w4=0.09",87734647.89,126555631.02
2024-03-20,0.866837,"w1=0.34, w2=0.32, w3=0.24, w4=0.09",87788859.65,130127753.42
2024-03-21,0.874588,"w1=0.34, w2=0.32, w3=0.24, w4=0.09",87800313.33,131193686.73
2024-03-22,0.832927,"w1=0.34, w2=0.32, w3=0.24, w4=0.09",87831227.39,125727154.24
2024-03-23,0.84425,"w1=0.34, w2=0.32, w3=0.24, w4=0.09",87936657.08,127347489.43
2024-03-24,0.814076,"w1=0.34, w2=0.32, w3=0.24, w4=0.09",87882593.71,123405241.79
2024-03-25,0.820503,"w1=0.34, w2=0.32, w3=0.24, w4=0.09",87931745.46,124284547.42
2024-03-26,0.812749,"w1=0.34, w2=0.32, w3=0.24, w4=0.09",88559371.16,124187963.19
2024-03-27,0.80687,"w1=0.34, w2=0.32, w3=0.24, w4=0.09",88546971.22,123431713.94
2024-03-28,0.817464,"w1=0.34, w2=0.32, w3=0.24, w4=0.09",88620240.73,124870651.97
2024-03-29,0.798244,"w1=0.34, w2=0.32, w3=0.24, w4=0.09",88533266.3,122339269.44
2024-03-30,0.794578,"w1=0.34, w2=0.32, w3=0.24, w4=0.09",88441500.7,121760551.92
2024-03-31,0.795122,"w1=0.34, w2=0.32, w3=0.24, w4=0.09",88492284.67,121897424.22
2024-04-01,0.792528,"w1=0.34, w2=0.32, w3=0.24, w4=0.09",87858703.55,120708123.86
2024-04-02,0.810251,"w1=0.34, w2=0.32, w3=0.24, w4=0.09",87853392.02,122885761.81
2024-04-03,0.836161,"w1=0.34, w2=0.32, w3=0.24, w4=0.09",87764313.74,126047940.74
2024-04-04,0.826026,"w1=0.34, w2=0.32, w3=0.24, w4=0.09",87633583.12,124562708.86
2024-04-05,0.826084,"w1=0.34, w2=0.32, w3=0.24, w4=0.09",87520023.89,124408660.35
2024-04-06,0.841438,"w1=0.34, w2=0.32, w3=0.24, w4=0.09",87566237.1,126445576.8
2024-04-07,0.827846,"w1=0.34, w2=0.32, w3=0.24, w4=0.09",87528083.95,124644158.28
2024-04-08,0.825284,"w1=0.34, w2=0.32, w3=0.24, w4=0.09",87529307.28,124320310.41
2024-04-09,0.839896,"w1=0.34, w2=0.32, w3=0.24, w4=0.09",87424661.84,126041638.98
2024-04-10,0.843526,"w1=0.34, w2=0.32, w3=0.24, w4=0.09",87453176.85,126553215.51
2024-04-11,0.840848,"w1=0.34, w2=0.32, w3=0.24, w4=0.09",87439930.45,126186793.62
2024-04-12,0.839421,"w1=0.34, w2=0.32, w3=0.24, w4=0.09",87362808.55,125891136.05
2024-04-13,0.906362,"w1=0.34, w2=0.32, w3=0.24, w4=0.09",87380343.63,134962006.23
2024-04-14,0.96289,"w1=0.34, w2=0.32, w3=0.24, w4=0.09",87382509.44,143269271.32
2024-04-15,0.908861,"w1=0.34, w2=0.32, w3=0.24, w4=0.09",87433944.86,135398831.89
2024-04-16,0.904417,"w1=0.34, w2=0.32, w3=0.24, w4=0.09",87473043.36,134830338.52
2024-04-17,0.915076,"w1=0.34, w2=0.32, w3=0.24, w4=0.09",87308271.1,136088642.26
2024-04-18,0.901284,"w1=0.34, w2=0.32, w3=0.24, w4=0.09",88034154.58,135251200.03
2024-04-19,0.893393,"w1=0.34, w2=0.32, w3=0.24, w4=0.09",88054305.71,134171847.63
2024-04-20,0.912928,"w1=0.34, w2=0.32, w3=0.24, w4=0.09",88209367.8,137183517.36
2024-04-21,0.890566,"w1=0.34, w2=0.32, w3=0.24, w4=0.09",88130297.71,133892400.63
2024-04-22,0.886106,"w1=0.34, w2=0.32, w3=0.24, w4=0.09",88071049.91,133182327.04
2024-04-23,0.897087,"w1=0.34, w2=0.32, w3=0.24, w4=0.09",88207736.99,134924831.44
2024-04-24,0.890469,"w1=0.34, w2=0.32, w3=0.24, w4=0.09",88182057.69,133957494.68
2024-04-25,0.906402,"w1=0.34, w2=0.32, w3=0.24, w4=0.09",88158125.71,136169022.22
2024-04-26,0.894467,"w1=0.34, w2=0.32, w3=0.24, w4=0.09",88133480.21,134443045.93
2024-04-27,0.895769,"w1=0.34, w2=0.32, w3=0.24, w4=0.09",88194089.48,134718440.59
2024-04-28,0.910648,"w1=0.34, w2=0.32, w3=0.24, w4=0.09",88295316.35,136989141.97
2024-04-29,0.917645,"w1=0.34, w2=0.32, w3=0.24, w4=0.09",87995713.72,137530826.4
2024-04-30,0.894977,"w1=0.34, w2=0.32, w3=0.24, w4=0.09",89849027.64,137132987.8
2024-05-01,0.897489,"w1=0.34, w2=0.32, w3=0.24, w4=0.09",89888205.58,137553057.24
2024-05-02,0.939332,"w1=0.34, w2=0.32, w3=0.24, w4=0.09",89953943.41,143843127.84
2024-05-03,0.892196,"w1=0.34, w2=0.32, w3=0.24, w4=0.09",89934444.98,136865725.27
2024-05-04,0.874984,"w1=0.34, w2=0.32, w3=0.24, w4=0.09",89945118.96,134453719.26
2024-05-05,0.866675,"w1=0.34, w2=0.32, w3=0.24, w4=0.09",89845344.33,133153727.06
2024-05-06,0.85004,"w1=0.34, w2=0.32, w3=0.24, w4=0.09",90084718.9,131236957.91
2024-05-07,0.857152,"w1=0.34, w2=0.32, w3=0.24, w4=0.09",90179819.12,132341414.32
2024-05-08,0.85451,"w1=0.34, w2=0.32, w3=0.24, w4=0.09",90061355.04,131808129.39
2024-05-09,0.852405,"w1=0.34, w2=0.32, w3=0.24, w4=0.09",90049386.85,131505192.0
2024-05-10,0.845171,"w1=0.34, w2=0.32, w3=0.24, w4=0.09",89690563.55,130010367.5
2024-05-11,0.855157,"w1=0.34, w2=0.32, w3=0.24, w4=0.09",89574704.01,131183325.99
2024-05-12,0.84499,"w1=0.34, w2=0.32, w3=0.24, w4=0.09",89528147.97,129750814.17
2024-05-13,0.844224,"w1=0.34, w2=0.32, w3=0.24, w4=0.09",89525380.25,129644773.98
2024-05-14,0.870707,"w1=0.34, w2=0.32, w3=0.24, w4=0.09",89510478.93,133212208.6
2024-05-15,0.874871,"w1=0.34, w2=0.32, w3=0.24, w4=0.09",89685404.96,134049777.78
2024-05-16,0.898405,"w1=0.34, w2=0.32, w3=0.24, w4=0.09",89710708.21,137412857.56
2024-05-17,0.887459,"w1=0.34, w2=0.32, w3=0.24, w4=0.09",90081005.12,136413802.69
2024-05-18,0.912939,"w1=0.34, w2=0.32, w3=0.24, w4=0.09",90167531.58,140230479.25
2024-05-19,0.88751,"w1=0.34, w2=0.32, w3=0.24, w4=0.09",90151378.06,136527621.15
2024-05-20,0.889783,"w1=0.34, w2=0.32, w3=0.24, w4=0.09",90115137.82,136796216.71
2024-05-21,0.914938,"w1=0.34, w2=0.32, w3=0.24, w4=0.09",90260120.84,140669346.66
2024-05-22,0.929525,"w1=0.34, w2=0.32, w3=0.24, w4=0.09",92102246.58,145760738.58
2024-05-23,0.917604,"w1=0.34, w2=0.32, w3=0.24, w4=0.09",92127087.04,143981655.09
2024-05-24,0.969902,"w1=0.34, w2=0.32, w3=0.24, w4=0.09",92162616.87,152240457.38
2024-05-25,0.89782,"w1=0.34, w2=0.32, w3=0.24, w4=0.09",92208691.7,141152814.91
2024-05-26,0.876023,"w1=0.34, w2=0.32, w3=0.24, w4=0.09",92203522.21,137978296.37
2024-05-27,0.876057,"w1=0.34, w2=0.32, w3=0.24, w4=0.09",92292869.57,138116872.27
2024-05-28,0.896046,"w1=0.34, w2=0.32, w3=0.24, w4=0.09",91509627.27,139823424.99
2024-05-29,0.903941,"w1=0.34, w2=0.32, w3=0.24, w4=0.09",91487195.13,140947489.57
2024-05-30,0.894815,"w1=0.34, w2=0.32, w3=0.24, w4=0.09",91506397.84,139638956.16
2024-05-31,0.896208,"w1=0.34, w2=0.32, w3=0.24, w4=0.09",91617738.87,140012293.49
2024-06-01,0.895852,"w1=0.34, w2=0.32, w3=0.24, w4=0.09",91601800.05,139935918.5
2024-06-02,0.886477,"w1=0.34, w2=0.32, w3=0.24, w4=0.09",91523651.09,138456853.75
2024-06-03,0.898423,"w1=0.34, w2=0.32, w3=0.24, w4=0.09",91550933.4,140234228.43
2024-06-04,0.905945,"w1=0.34, w2=0.32, w3=0.24, w4=0.09",91537560.0,141321245.11
2024-06-05,0.902871,"w1=0.34, w2=0.32, w3=0.24, w4=0.09",91492905.57,140798562.52
2024-06-06,0.904524,"w1=0.34, w2=0.32, w3=0.24, w4=0.09",91623086.54,141243003.81
2024-06-07,0.898923,"w1=0.34, w2=0.32, w3=0.24, w4=0.09",92014800.08,141018411.71
2024-06-08,0.946399,"w1=0.34, w2=0.32, w3=0.24, w4=0.09",92057988.14,148313342.51
2024-06-09,0.920943,"w1=0.34, w2=0.32, w3=0.24, w4=0.09",92077123.42,144409660.09
2024-06-10,0.919517,"w1=0.34, w2=0.32, w3=0.24, w4=0.09",92034538.0,144126552.78
2024-06-11,0.920436,"w1=0.34, w2=0.32, w3=0.24, w4=0.09",92137133.32,144426733.52
2024-06-12,0.960334,"w1=0.34, w2=0.32, w3=0.24, w4=0.09",91992642.8,150417986.91
2024-06-13,0.929595,"w1=0.34, w2=0.32, w3=0.24, w4=0.09",91978806.23,145576129.46
2024-06-14,0.912666,"w1=0.34, w2=0.32, w3=0.24, w4=0.09",91920314.72,142915497.57
2024-06-15,0.921713,"w1=0.34, w2=0.32, w3=0.24, w4=0.09",91843238.31,144159581.51
2024-06-16,0.898346,"w1=0.34, w2=0.32, w3=0.24, w4=0.09",91807293.58,140615599.08
2024-06-17,0.892673,"w1=0.34, w2=0.32, w3=0.24, w4=0.09",91892473.37,139915107.19
2024-06-18,0.923248,"w1=0.34, w2=0.32, w3=0.24, w4=0.09",91702472.8,144171353.31
2024-06-19,0.933109,"w1=0.34, w2=0.32, w3=0.24, w4=0.09",91838845.84,145894610.19
2024-06-20,0.917136,"w1=0.34, w2=0.32, w3=0.24, w4=0.09",91820085.9,143431301.14
2024-06-21,0.920933,"w1=0.34, w2=0.32, w3=0.24, w4=0.09",91833776.37,144026490.31
2024-06-22,0.915209,"w1=0.34, w2=0.32, w3=0.24, w4=0.09",91695638.82,142947257.89
2024-06-23,0.903741,"w1=0.34, w2=0.32, w3=0.24, w4=0.09",91738252.23,141304696.77
2024-06-24,0.924297,"w1=0.34, w2=0.32, w3=0.24, w4=0.09",89867679.15,141442885.79
2024-06-25,0.953886,"w1=0.34, w2=0.32, w3=0.24, w4=0.09",89550269.67,145423968.38
2024-06-26,0.936586,"w1=0.34, w2=0.32, w3=0.24, w4=0.09",89527073.33,142745476.73
2024-06-27,0.933024,"w1=0.34, w2=0.32, w3=0.24, w4=0.09",89473482.64,142124254.02
2024-06-28,0.942787,"w1=0.34, w2=0.32, w3=0.24, w4=0.09",89470105.78,143593516.68
2024-06-29,0.935181,"w1=0.34, w2=0.32, w3=0.24, w4=0.09",89434109.06,142385703.25
2024-06-30,0.920811,"w1=0.34, w2=0.32, w3=0.24, w4=0.09",89541378.2,140413211.72
2024-07-01,0.925196,"w1=0.34, w2=0.32, w3=0.24, w4=0.09",89447407.48,140914773.61
2024-07-02,0.934577,"w1=0.34, w2=0.32, w3=0.24, w4=0.09",89361238.49,142178942.67
2024-07-03,0.925947,"w1=0.34, w2=0.32, w3=0.24, w4=0.09",89475138.26,141070019.92
2024-07-04,0.944688,"w1=0.34, w2=0.32, w3=0.24, w4=0.09",89321546.33,143644014.29
2024-07-05,1.00041,"w1=0.34, w2=0.32, w3=0.24, w4=0.09",89145120.45,152150898.89
2024-07-06,1.030558,"w1=0.34, w2=0.32, w3=0.24, w4=0.09",89045778.22,157015697.26
2024-07-07,0.942755,"w1=0.34, w2=0.32, w3=0.24, w4=0.09",89046442.19,142908722.82
2024-07-08,0.938439,"w1=0.34, w2=0.32, w3=0.24, w4=0.09",89013252.87,142204523.51
2024-07-09,0.970411,"w1=0.34, w2=0.32, w3=0.24, w4=0.09",89124658.75,147302154.13
2024-07-10,0.942986,"w1=0.34, w2=0.32, w3=0.24, w4=0.09",89099698.83,143029173.74
2024-07-11,0.942376,"w1=0.34, w2=0.32, w3=0.24, w4=0.09",89076414.1,142899470.56
2024-07-12,0.913591,"w1=0.34, w2=0.32, w3=0.24, w4=0.09",92518029.94,143984516.63
2024-07-13,0.922793,"w1=0.34, w2=0.32, w3=0.24, w4=0.09",92943666.36,146052746.23
2024-07-14,0.898917,"w1=0.34, w2=0.32, w3=0.24, w4=0.09",92859199.63,142311614.4
2024-07-15,0.903964,"w1=0.34, w2=0.32, w3=0.24, w4=0.09",92797880.88,142970206.47
2024-07-16,0.922068,"w1=0.34, w2=0.32, w3=0.24, w4=0.09",92946179.66,145945295.35
2024-07-17,0.927583,"w1=0.34, w2=0.32, w3=0.24, w4=0.09",93026950.39,146923026.69
2024-07-18,0.888834,"w1=0.34, w2=0.32, w3=0.24, w4=0.09",93064894.96,141134393.69
2024-07-19,0.878185,"w1=0.34, w2=0.32, w3=0.24, w4=0.09",93015735.11,139506395.44
2024-07-20,0.883176,"w1=0.34, w2=0.32, w3=0.24, w4=0.09",92955663.19,140141114.74
2024-07-21,0.861415,"w1=0.34, w2=0.32, w3=0.24, w4=0.09",92890190.72,136919948.6
2024-07-22,0.872733,"w1=0.34, w2=0.32, w3=0.24, w4=0.09",93188485.58,138977333.75
2024-07-23,0.86941,"w1=0.34, w2=0.32, w3=0.24, w4=0.09",93171699.85,138474850.97
2024-07-24,0.894012,"w1=0.34, w2=0.32, w3=0.24, w4=0.09",93043967.81,141866374.23
2024-07-25,0.871023,"w1=0.34, w2=0.32, w3=0.24, w4=0.09",93120682.16,138630387.86
2024-07-26,0.900561,"w1=0.34, w2=0.32, w3=0.24, w4=0.09",93165679.13,143026854.61
2024-07-27,0.874039,"w1=0.34, w2=0.32, w3=0.24, w4=0.09",93148779.86,139106307.25
2024-07-28,0.872472,"w1=0.34, w2=0.32, w3=0.24, w4=0.09",93148485.0,138880109.63
2024-07-29,0.865263,"w1=0.34, w2=0.32, w3=0.24, w4=0.09",93228619.02,137966247.96
2024-07-30,0.879186,"w1=0.34, w2=0.32, w3=0.24, w4=0.09",93425277.44,140266342.99
2024-07-31,0.877063,"w1=0.34, w2=0.32, w3=0.24, w4=0.09",93571168.02,140176098.89
2024-08-01,0.902093,"w1=0.34, w2=0.32, w3=0.24, w4=0.09",93684696.02,144054229.43
2024-08-02,0.899279,"w1=0.34, w2=0.32, w3=0.24, w4=0.09",93417993.02,143222161.61
2024-08-03,0.919341,"w1=0.34, w2=0.32, w3=0.24, w4=0.09",93410284.57,146253910.71
2024-08-04,0.919015,"w1=0.34, w2=0.32, w3=0.24, w4=0.09",93350279.19,146109870.96
2024-08-05,0.920657,"w1=0.34, w2=0.32, w3=0.24, w4=0.09",93392725.92,146428933.22
2024-08-06,1.071684,"w1=0.34, w2=0.32, w3=0.24, w4=0.09",93466317.97,172375823.65
2024-08-07,0.941343,"w1=0.34, w2=0.32, w3=0.24, w4=0.09",93544392.86,149903150.4
2024-08-08,0.914667,"w1=0.34, w2=0.32, w3=0.24, w4=0.09",93565620.84,145779442.48
2024-08-09,0.905823,"w1=0.34, w2=0.32, w3=0.24, w4=0.09",93756790.99,144728938.23
2024-08-10,0.896097,"w1=0.34, w2=0.32, w3=0.24, w4=0.09",93760926.39,143270957.16
2024-08-11,0.879237,"w1=0.34, w2=0.32, w3=0.24, w4=0.09",93802967.7,140840856.67
2024-08-12,0.898072,"w1=0.34, w2=0.32, w3=0.24, w4=0.09",93763961.93,143571406.35
2024-08-13,0.920645,"w1=0.34, w2=0.32, w3=0.24, w4=0.09",93727089.06,146951320.86
2024-08-14,0.89131,"w1=0.34, w2=0.32, w3=0.24, w4=0.09",93598316.3,142310031.15
2024-08-15,0.895804,"w1=0.34, w2=0.32, w3=0.24, w4=0.09",93635648.56,143035769.42
2024-08-16,0.911176,"w1=0.34, w2=0.32, w3=0.24, w4=0.09",93595450.05,145292669.37
2024-08-17,0.902655,"w1=0.34, w2=0.32, w3=0.24, w4=0.09",93616514.74,144034037.28
2024-08-18,0.892174,"w1=0.34, w2=0.32, w3=0.24, w4=0.09",93602799.51,142445101.73
2024-08-19,0.88622,"w1=0.34, w2=0.32, w3=0.24, w4=0.09",94643446.01,143138182.12
2024-08-20,0.90029,"w1=0.34, w2=0.32, w3=0.24, w4=0.09",94636174.6,145243188.9
2024-08-21,0.884347,"w1=0.34, w2=0.32, w3=0.24, w4=0.09",94632018.16,142842256.7
2024-08-22,0.895358,"w1=0.34, w2=0.32, w3=0.24, w4=0.09",92140996.58,140687060.72
2024-08-23,0.891407,"w1=0.34, w2=0.32, w3=0.24, w4=0.09",92116210.8,140070750.92
2024-08-24,0.903701,"w1=0.34, w2=0.32, w3=0.24, w4=0.09",92133892.01,141908161.78
2024-08-25,0.891127,"w1=0.34, w2=0.32, w3=0.24, w4=0.09",92119526.8,140034914.28
2024-08-26,0.892538,"w1=0.34, w2=0.32, w3=0.24, w4=0.09",92172616.36,140321895.16
2024-08-27,0.893782,"w1=0.34, w2=0.32, w3=0.24, w4=0.09",92133476.06,140444421.57
2024-08-28,0.934252,"w1=0.34, w2=0.32, w3=0.24, w4=0.09",92170397.75,146598147.46
2024-08-29,0.931647,"w1=0.34, w2=0.32, w3=0.24, w4=0.09",92307798.24,146413457.83
2024-08-30,0.892278,"w1=0.34, w2=0.32, w3=0.24, w4=0.09",96919994.58,147509217.59
2024-08-31,0.886658,"w1=0.34, w2=0.32, w3=0.24, w4=0.09",97025412.98,146807567.62
2024-09-01,0.857551,"w1=0.34, w2=0.32, w3=0.24, w4=0.09",97001934.77,142411646.85
2024-09-02,0.870838,"w1=0.34, w2=0.32, w3=0.24, w4=0.09",96783939.89,144056337.63
2024-09-03,0.875277,"w1=0.34, w2=0.32, w3=0.24, w4=0.09",96746344.69,144664429.79
2024-09-04,0.87162,"w1=0.34, w2=0.32, w3=0.24, w4=0.09",96740198.88,144107918.13
2024-09-05,0.895188,"w1=0.34, w2=0.32, w3=0.24, w4=0.09",96580575.96,147439545.83
2024-09-06,0.890081,"w1=0.34, w2=0.32, w3=0.24, w4=0.09",96505738.28,146542746.21
2024-09-07,0.917198,"w1=0.34, w2=0.32, w3=0.24, w4=0.09",96509530.57,150766460.61
2024-09-08,0.89331,"w1=0.34, w2=0.32, w3=0.24, w4=0.09",96506010.03,147037315.07
2024-09-09,0.897369,"w1=0.34, w2=0.32, w3=0.24, w4=0.09",96449746.37,147575477.3
2024-09-10,0.885631,"w1=0.34, w2=0.32, w3=0.24, w4=0.09",96433178.68,145755593.49
2024-09-11,0.891155,"w1=0.34, w2=0.32, w3=0.24, w4=0.09",96402362.36,146549716.8
2024-09-12,0.894538,"w1=0.34, w2=0.32, w3=0.24, w4=0.09",96551514.37,147295231.9
2024-09-13,0.887772,"w1=0.34, w2=0.32, w3=0.24, w4=0.09",96538989.26,146241077.51
2024-09-14,0.886941,"w1=0.34, w2=0.32, w3=0.24, w4=0.09",96491954.82,146043417.75
2024-09-15,0.881829,"w1=0.34, w2=0.32, w3=0.24, w4=0.09",96486596.71,145260844.71
2024-09-16,0.887008,"w1=0.34, w2=0.32, w3=0.24, w4=0.09",96501088.42,146067429.32
2024-09-17,0.897509,"w1=0.34, w2=0.32, w3=0.24, w4=0.09",96511773.15,147691976.74
2024-09-18,0.91321,"w1=0.34, w2=0.32, w3=0.24, w4=0.09",96431221.88,150014562.87
2024-09-19,0.913265,"w1=0.34, w2=0.32, w3=0.24, w4=0.09",96513438.94,150151131.81
2024-09-20,0.919087,"w1=0.34, w2=0.32, w3=0.24, w4=0.09",96481496.78,151022217.68
2024-09-21,0.92008,"w1=0.34, w2=0.32, w3=0.24, w4=0.09",96486039.19,151187109.46
2024-09-22,0.90627,"w1=0.34, w2=0.32, w3=0.24, w4=0.09",96489241.06,149016659.45
2024-09-23,0.908272,"w1=0.34, w2=0.32, w3=0.24, w4=0.09",96600230.7,149501286.26
2024-09-24,0.914517,"w1=0.34, w2=0.32, w3=0.24, w4=0.09",96571923.69,150439702.85
2024-09-25,0.916726,"w1=0.34, w2=0.32, w3=0.24, w4=0.09",96553128.98,150759785.64
2024-09-26,0.911399,"w1=0.34, w2=0.32, w3=0.24, w4=0.09",96571826.14,149948108.19
2024-09-27,0.918063,"w1=0.34, w2=0.32, w3=0.24, w4=0.09",96485931.78,150866674.74
2024-09-28,0.955485,"w1=0.34, w2=0.32, w3=0.24, w4=0.09",96473587.16,156933403.04
2024-09-29,0.930002,"w1=0.34, w2=0.32, w3=0.24, w4=0.09",96423332.19,152676070.14
2024-09-30,0.946121,"w1=0.34, w2=0.32, w3=0.24, w4=0.09",96085507.81,154756416.12
2024-10-01,0.966191,"w1=0.34, w2=0.32, w3=0.24, w4=0.09",96078504.58,158081995.15
2024-10-02,0.98668,"w1=0.34, w2=0.32, w3=0.24, w4=0.09",96022857.39,161489779.72
2024-10-03,0.968193,"w1=0.34, w2=0.32, w3=0.24, w4=0.09",95990050.24,158274002.4
2024-10-04,0.972014,"w1=0.34, w2=0.32, w3=0.24, w4=0.09",96014791.16,158961744.16
2024-10-05,0.95297,"w1=0.34, w2=0.32, w3=0.24, w4=0.09",95738246.34,155321659.2
2024-10-06,0.939207,"w1=0.34, w2=0.32, w3=0.24, w4=0.09",95716910.94,153038311.09
2024-10-07,0.934944,"w1=0.34, w2=0.32, w3=0.24, w4=0.09",95770622.34,152435729.76
2024-10-08,0.955188,"w1=0.34, w2=0.32, w3=0.24, w4=0.09",95682096.58,155596767.06
2024-10-09,0.919302,"w1=0.34, w2=0.32, w3=0.24, w4=0.09",99118293.62,155184664.09
2024-10-10,0.923451,"w1=0.34, w2=0.32, w3=0.24, w4=0.09",100267291.4,157670346.18
2024-10-11,0.916167,"w1=0.34, w2=0.32, w3=0.24, w4=0.09",99681618.43,155553290.74
2024-10-12,0.915083,"w1=0.34, w2=0.32, w3=0.24, w4=0.09",100498371.7,156649390.88
2024-10-13,0.897753,"w1=0.34, w2=0.32, w3=0.24, w4=0.09",100379230.6,153649500.36
2024-10-14,0.897374,"w1=0.34, w2=0.32, w3=0.24, w4=0.09",100416737.0,153646078.24
2024-10-15,0.905574,"w1=0.34, w2=0.32, w3=0.24, w4=0.09",100286017.3,154767509.94
2024-10-16,0.912708,"w1=0.34, w2=0.32, w3=0.24, w4=0.09",100215734.4,155819883.92
2024-10-17,0.907504,"w1=0.34, w2=0.32, w3=0.24, w4=0.09",100123192.5,154828882.12
2024-10-18,0.89907,"w1=0.34, w2=0.32, w3=0.24, w4=0.09",100045105.5,153348908.0
2024-10-19,0.893778,"w1=0.34, w2=0.32, w3=0.24, w4=0.09",100014220.1,152456862.33
2024-10-20,0.882184,"w1=0.34, w2=0.32, w3=0.24, w4=0.09",99910455.15,150470984.76
2024-10-21,0.901987,"w1=0.34, w2=0.32, w3=0.24, w4=0.09",99597610.78,153129242.33
2024-10-22,0.884371,"w1=0.34, w2=0.32, w3=0.24, w4=0.09",103099325.5,155627114.93
2024-10-23,0.87758,"w1=0.34, w2=0.32, w3=0.24, w4=0.09",104038775.9,155940952.96
2024-10-24,0.908349,"w1=0.34, w2=0.32, w3=0.24, w4=0.09",104069060.1,161073257.21
2024-10-25,0.899462,"w1=0.34, w2=0.32, w3=0.24, w4=0.09",104015724.2,159500388.13
2024-10-26,0.93242,"w1=0.34, w2=0.32, w3=0.24, w4=0.09",104125044.0,165292113.81
2024-10-27,0.915255,"w1=0.34, w2=0.32, w3=0.24, w4=0.09",104192399.7,162436703.79
2024-10-28,0.882294,"w1=0.34, w2=0.32, w3=0.24, w4=0.09",104209804.2,156964002.27
2024-10-29,0.906532,"w1=0.34, w2=0.32, w3=0.24, w4=0.09",103977222.3,160625063.5
2024-10-30,0.951122,"w1=0.34, w2=0.32, w3=0.24, w4=0.09",104020752.0,168428051.53
2024-10-31,0.941507,"w1=0.34, w2=0.32, w3=0.24, w4=0.09",104355322.8,167256494.56
2024-11-01,0.940186,"w1=0.34, w2=0.32, w3=0.24, w4=0.09",104495267.2,167246829.01
2024-11-02,0.95614,"w1=0.34, w2=0.32, w3=0.24, w4=0.09",104336123.9,169841578.78
2024-11-03,0.957077,"w1=0.34, w2=0.32, w3=0.24, w4=0.09",104532690.5,170331149.29
2024-11-04,0.964045,"w1=0.34, w2=0.32, w3=0.24, w4=0.09",104349368.0,171298163.55
2024-11-05,0.962352,"w1=0.34, w2=0.32, w3=0.24, w4=0.09",105595617.9,173031669.49
2024-11-06,0.940914,"w1=0.34, w2=0.32, w3=0.24, w4=0.09",105627446.7,169189186.63
2024-11-07,0.983786,"w1=0.34, w2=0.32, w3=0.24, w4=0.09",105666767.9,177158349.11
2024-11-08,0.963237,"w1=0.34, w2=0.32, w3=0.24, w4=0.09",106307039.9,174361694.45
2024-11-09,0.936757,"w1=0.34, w2=0.32, w3=0.24, w4=0.09",106311596.8,169538017.78
2024-11-10,0.955992,"w1=0.34, w2=0.32, w3=0.24, w4=0.09",106194359.2,172839278.6
2024-11-11,1.056942,"w1=0.34, w2=0.32, w3=0.24, w4=0.09",105929217.4,192232091.87
2024-11-12,1.024869,"w1=0.34, w2=0.32, w3=0.24, w4=0.09",105961244.9,185693723.05
2024-11-13,1.062036,"w1=0.34, w2=0.32, w3=0.24, w4=0.09",105971139.5,193382575.06
2024-11-14,1.034067,"w1=0.34, w2=0.32, w3=0.24, w4=0.09",106015541.5,187652384.99
2024-11-15,0.983348,"w1=0.34, w2=0.32, w3=0.24, w4=0.09",105907309.6,177478330.46
2024-11-16,0.935206,"w1=0.34, w2=0.32, w3=0.24, w4=0.09",105267288.5,167597720.11
2024-11-17,0.948085,"w1=0.34, w2=0.32, w3=0.24, w4=0.09",105243116.7,169859080.56
2024-11-18,0.958848,"w1=0.34, w2=0.32, w3=0.24, w4=0.09",105202049.0,171745026.42
2024-11-19,0.939606,"w1=0.34, w2=0.32, w3=0.24, w4=0.09",105156734.4,168202279.61
2024-11-20,0.908237,"w1=0.34, w2=0.32, w3=0.24, w4=0.09",105123083.3,162685530.4
2024-11-21,0.931575,"w1=0.34, w2=0.32, w3=0.24, w4=0.09",104486181.4,165717534.51
2024-11-22,1.050868,"w1=0.34, w2=0.32, w3=0.24, w4=0.09",104598570.3,188562351.08
2024-11-23,1.021082,"w1=0.34, w2=0.32, w3=0.24, w4=0.09",104491399.5,182368275.56
2024-11-24,0.984265,"w1=0.34, w2=0.32, w3=0.24, w4=0.09",104610277.8,175477106.52
2024-11-25,0.935547,"w1=0.34, w2=0.32, w3=0.24, w4=0.09",104476420.7,166398505.05
2024-11-26,0.986474,"w1=0.34, w2=0.32, w3=0.24, w4=0.09",104333549.2,175427819.24
2024-11-27,0.933081,"w1=0.34, w2=0.32, w3=0.24, w4=0.09",104240738.0,165591282.36
2024-11-28,0.914168,"w1=0.34, w2=0.32, w3=0.24, w4=0.09",103760796.7,161579313.0
2024-11-29,0.915733,"w1=0.34, w2=0.32, w3=0.24, w4=0.09",103690143.2,161734853.63
2024-11-30,0.853131,"w1=0.34, w2=0.32, w3=0.24, w4=0.09",104105543.4,152146044.8
2024-12-01,0.962382,"w1=0.34, w2=0.32, w3=0.24, w4=0.09",104721724.31083363,171605167.47
2024-12-02,1.07066,"w1=0.34, w2=0.32, w3=0.24, w4=0.09",104637488.60750312,192761662.61
2024-12-03,1.073293,"w1=0.34, w2=0.32, w3=0.24, w4=0.09",104624335.69349736,193295065.97
2024-12-04,1.039713,"w1=0.34, w2=0.32, w3=0.24, w4=0.09",104675042.1636807,186420455.71
2024-12-05,1.017287,"w1=0.34, w2=0.32, w3=0.24, w4=0.09",104781360.70288068,182124942.28
2024-12-06,1.016412,"w1=0.34, w2=0.32, w3=0.24, w4=0.09",104934570.24650478,182218749.33
2024-12-07,0.994943,"w1=0.34, w2=0.32, w3=0.24, w4=0.09",105126454.04385924,178375444.45
2024-12-08,0.964225,"w1=0.34, w2=0.32, w3=0.24, w4=0.09",105349472.85686173,172973089.03
2024-12-09,0.954794,"w1=0.34, w2=0.32, w3=0.24, w4=0.09",105596938.1587541,171648250.46
2024-12-10,0.912392,"w1=0.34, w2=0.32, w3=0.24, w4=0.09",105862981.56962362,164545907.24
2024-12-11,0.941652,"w1=0.34, w2=0.32, w3=0.24, w4=0.09",106142412.22216906,170146880.98
2024-12-12,0.990077,"w1=0.34, w2=0.32, w3=0.24, w4=0.09",106430696.3853814,179647052.22
2024-12-13,1.040092,"w1=0.34, w2=0.32, w3=0.24, w4=0.09",106723860.67702812,190147685.71
2024-12-14,1.040506,"w1=0.34, w2=0.32, w3=0.24, w4=0.09",107018502.2518126,190758562.56
2024-12-15,1.004238,"w1=0.34, w2=0.32, w3=0.24, w4=0.09",107311697.10793802,183913902.42
2024-12-16,0.987267,"w1=0.34, w2=0.32, w3=0.24, w4=0.09",107600979.71078832,181075643.42
2024-12-17,0.985915,"w1=0.34, w2=0.32, w3=0.24, w4=0.09",107884312.4284493,181289430.57
2024-12-18,0.982431,"w1=0.34, w2=0.32, w3=0.24, w4=0.09",108160044.77907056,181075485.32
2024-12-19,0.978275,"w1=0.34, w2=0.32, w3=0.24, w4=0.09",108426893.0545462,180716489.02
2024-12-20,0.955199,"w1=0.34, w2=0.32, w3=0.24, w4=0.09",108683848.62707868,176742084.13
2024-12-21,0.934095,"w1=0.34, w2=0.32, w3=0.24, w4=0.09",108930249.2662959,173226171.01
2024-12-22,0.931248,"w1=0.34, w2=0.32, w3=0.24, w4=0.09",109165595.75237893,173079459.99
2024-12-23,0.992656,"w1=0.34, w2=0.32, w3=0.24, w4=0.09",109389643.56949806,185153552.51
2024-12-24,1.024462,"w1=0.34, w2=0.32, w3=0.24, w4=0.09",109602290.83605756,191989846.1
2024-12-25,1.029793,"w1=0.34, w2=0.32, w3=0.24, w4=0.09",109803619.05733408,193457616.29
2024-12-26,1.019057,"w1=0.34, w2=0.32, w3=0.24, w4=0.09",109993770.86756147,191551261.4
2024-12-27,1.006155,"w1=0.34, w2=0.32, w3=0.24, w4=0.09",110173000.97072914,189208249.19
2024-12-28,1.001114,"w1=0.34, w2=0.32, w3=0.24, w4=0.09",110341676.14058156,188471495.71
2024-12-29,0.989115,"w1=0.34, w2=0.32, w3=0.24, w4=0.09",110500142.77454412,186323506.87
2024-12-30,0.965795,"w1=0.34, w2=0.32, w3=0.24, w4=0.09",110648838.9634784,181978339.35
2024-12-31,0.943435,"w1=0.34, w2=0.32, w3=0.24, w4=0.09",109009289.00824532,175072687.73
2025-01-01,0.955007,"w1=0.34, w2=0.32, w3=0.24, w4=0.09",108992040.45409216,177207106.91
2025-01-02,0.988294,"w1=0.34, w2=0.32, w3=0.24, w4=0.09",108844098.18896613,183369512.21
2025-01-03,1.057761,"w1=0.34, w2=0.32, w3=0.24, w4=0.09",108661169.78387427,197366439.11
2025-01-04,1.101254,"w1=0.34, w2=0.32, w3=0.24, w4=0.09",108481460.83720684,206690122.23
2025-01-05,1.085705,"w1=0.34, w2=0.32, w3=0.24, w4=0.09",108327028.71443424,202885468.5
2025-01-06,1.056666,"w1=0.34, w2=0.32, w3=0.24, w4=0.09",108208234.77383997,196308649.19
2025-01-07,1.043088,"w1=0.34, w2=0.32, w3=0.24, w4=0.09",108128023.39353988,193278778.36
2025-01-08,1.036675,"w1=0.34, w2=0.32, w3=0.24, w4=0.09",108085110.86542812,191858631.89
2025-01-09,1.018764,"w1=0.34, w2=0.32, w3=0.24, w4=0.09",108075768.3231018,188151454.56
2025-01-10,1.013438,"w1=0.34, w2=0.32, w3=0.24, w4=0.09",108095248.08420096,187104895.91
2025-01-11,0.986423,"w1=0.34, w2=0.32, w3=0.24, w4=0.09",108138435.69262113,181815463.1
2025-01-12,0.964581,"w1=0.34, w2=0.32, w3=0.24, w4=0.09",108200461.20808752,177721524.23
2025-01-13,1.023511,"w1=0.34, w2=0.32, w3=0.24, w4=0.09",108276801.08775072,189472666.52
2025-01-14,1.080827,"w1=0.34, w2=0.32, w3=0.24, w4=0.09",108363522.70201647,201867317.09
2025-01-15,1.079954,"w1=0.34, w2=0.32, w3=0.24, w4=0.09",108457253.77006686,201848066.93
2025-01-16,1.058571,"w1=0.34, w2=0.32, w3=0.24, w4=0.09",108555172.1717008,197348604.86
2025-01-17,1.046089,"w1=0.34, w2=0.32, w3=0.24, w4=0.09",108654955.00653616,194856692.94
2025-01-18,1.051246,"w1=0.34, w2=0.32, w3=0.24, w4=0.09",108754778.59400985,196135738.85
2025-01-19,1.046994,"w1=0.34, w2=0.32, w3=0.24, w4=0.09",108853186.02730316,195404853.3
2025-01-20,1.033138,"w1=0.34, w2=0.32, w3=0.24, w4=0.09",108949066.79702295,192650352.15
2025-01-21,1.013961,"w1=0.34, w2=0.32, w3=0.24, w4=0.09",109041626.22672272,188849687.42
2025-01-22,0.991618,"w1=0.34, w2=0.32, w3=0.24, w4=0.09",109130263.21498775,184508719.76
2025-01-23,0.974004,"w1=0.34, w2=0.32, w3=0.24, w4=0.09",109214600.79991396,181200067.09
2025-01-24,1.040207,"w1=0.34, w2=0.32, w3=0.24, w4=0.09",109294425.03015035,194751976.14
2025-01-25,1.10081,"w1=0.34, w2=0.32, w3=0.24, w4=0.09",109369623.83594164,208280099.73
2025-01-26,1.104599,"w1=0.34, w2=0.32, w3=0.24, w4=0.09",109440207.4054474,209289577.62
2025-01-27,1.085541,"w1=0.34, w2=0.32, w3=0.24, w4=0.09",109506206.30314636,205056916.12
2025-01-28,1.068699,"w1=0.34, w2=0.32, w3=0.24, w4=0.09",109567793.7277512,201410613.58
2025-01-29,1.064285,"w1=0.34, w2=0.32, w3=0.24, w4=0.09",109625112.31349592,200543717.79
2025-01-30,1.032302,"w1=0.34, w2=0.32, w3=0.24, w4=0.09",111651985.53112808,197250653.0
2025-01-31,1.011774,"w1=0.34, w2=0.32, w3=0.24, w4=0.09",111856237.75420135,193267224.99
2025-02-01,1.027182,"w1=0.34, w2=0.32, w3=0.24, w4=0.09",112142280.52230816,197019177.54
2025-02-02,0.991375,"w1=0.34, w2=0.32, w3=0.24, w4=0.09",112395028.38493793,189978945.68
2025-02-03,1.013609,"w1=0.34, w2=0.32, w3=0.24, w4=0.09",112679379.918556,195075725.16
2025-02-04,1.092431,"w1=0.34, w2=0.32, w3=0.24, w4=0.09",112996781.8418214,213205933.48
2025-02-05,1.123329,"w1=0.34, w2=0.32, w3=0.24, w4=0.09",113344524.10428832,221304970.49
2025-02-06,1.111229,"w1=0.34, w2=0.32, w3=0.24, w4=0.09",113716677.19708665,219070029.48
2025-02-07,1.085011,"w1=0.34, w2=0.32, w3=0.24, w4=0.09",114106129.78483598,213545903.77
2025-02-08,1.076118,"w1=0.34, w2=0.32, w3=0.24, w4=0.09",114505831.66111344,212208509.77
2025-02-09,1.080209,"w1=0.34, w2=0.32, w3=0.24, w4=0.09",114909323.53275122,213915880.19
2025-02-10,1.067882,"w1=0.34, w2=0.32, w3=0.24, w4=0.09",115310900.03038968,211778000.35
2025-02-11,1.053571,"w1=0.34, w2=0.32, w3=0.24, w4=0.09",115705854.2243072,209202096.74
2025-02-12,1.032093,"w1=0.34, w2=0.32, w3=0.24, w4=0.09",116090314.61386693,205045115.23
2025-02-13,1.006415,"w1=0.34, w2=0.32, w3=0.24, w4=0.09",116461285.88015504,200063663.55
2025-02-14,1.012192,"w1=0.34, w2=0.32, w3=0.24, w4=0.09",116816526.62806596,201928831.98
2025-02-15,1.088767,"w1=0.34, w2=0.32, w3=0.24, w4=0.09",117154447.50470676,220159639.06
2025-02-16,1.117226,"w1=0.34, w2=0.32, w3=0.24, w4=0.09",117474050.07043944,227818483.88
2025-02-17,1.104603,"w1=0.34, w2=0.32, w3=0.24, w4=0.09",117774784.16464718,225229323.81
2025-02-18,1.08317,"w1=0.34, w2=0.32, w3=0.24, w4=0.09",118056507.153096,220491674.04
2025-02-19,1.078765,"w1=0.34, w2=0.32, w3=0.24, w4=0.09",118319443.17529649,219914793.33
2025-02-20,1.076887,"w1=0.34, w2=0.32, w3=0.24, w4=0.09",118564020.13395056,219915065.51
2025-02-21,1.062509,"w1=0.34, w2=0.32, w3=0.24, w4=0.09",118790828.94231334,216888977.47
2025-02-22,1.042596,"w1=0.34, w2=0.32, w3=0.24, w4=0.09",119000684.6531505,212599722.02
2025-02-23,1.023186,"w1=0.34, w2=0.32, w3=0.24, w4=0.09",119194402.31922768,208503866.8
2025-02-24,0.992832,"w1=0.34, w2=0.32, w3=0.24, w4=0.09",119372898.87490624,202089471.07
2025-02-25,0.99913,"w1=0.34, w2=0.32, w3=0.24, w4=0.09",119537193.13614324,203742534.01
2025-02-26,1.079253,"w1=0.34, w2=0.32, w3=0.24, w4=0.09",119688140.90834264,222578091.11
2025-02-27,1.112373,"w1=0.34, w2=0.32, w3=0.24, w4=0.09",119826720.25482322,231133614.52
2025-02-28,1.101497,"w1=0.34, w2=0.32, w3=0.24, w4=0.09",119953848.10994634,228609904.42
2025-03-01,1.118114,"w1=0.34, w2=0.32, w3=0.24, w4=0.09",119642569.27058291,232252702.25
2025-03-02,1.112237,"w1=0.34, w2=0.32, w3=0.24, w4=0.09",119658157.15472607,230773682.63
2025-03-03,1.109859,"w1=0.34, w2=0.32, w3=0.24, w4=0.09",119669303.00129645,230187830.28
2025-03-04,1.093853,"w1=0.34, w2=0.32, w3=0.24, w4=0.09",119697931.72969007,226204444.31
2025-03-05,1.074495,"w1=0.34, w2=0.32, w3=0.24, w4=0.09",119755077.1167221,221541483.07
2025-03-06,1.055871,"w1=0.34, w2=0.32, w3=0.24, w4=0.09",119843439.02467872,217228140.31
2025-03-07,1.021142,"w1=0.34, w2=0.32, w3=0.24, w4=0.09",119961051.13876282,209380975.19
2025-03-08,1.029999,"w1=0.34, w2=0.32, w3=0.24, w4=0.09",120103736.31355038,211652196.92
2025-03-09,1.104959,"w1=0.34, w2=0.32, w3=0.24, w4=0.09",120266369.90477738,230084770.12
2025-03-10,1.142725,"w1=0.34, w2=0.32, w3=0.24, w4=0.09",120443674.44578616,240302669.83
2025-03-11,1.129516,"w1=0.34, w2=0.32, w3=0.24, w4=0.09",120630708.67918496,237157619.85
2025-03-12,1.099975,"w1=0.34, w2=0.32, w3=0.24, w4=0.09",120823081.5081988,229879474.21
2025-03-13,1.081581,"w1=0.34, w2=0.32, w3=0.24, w4=0.09",121017094.63090353,225626324.87
2025-03-14,1.081197,"w1=0.34, w2=0.32, w3=0.24, w4=0.09",121209620.28231092,225889846.49
2025-03-15,1.063344,"w1=0.34, w2=0.32, w3=0.24, w4=0.09",121398223.49228364,221852267.71
2025-03-16,1.039341,"w1=0.34, w2=0.32, w3=0.24, w4=0.09",121580958.3223436,216441339.23
2025-03-17,1.013308,"w1=0.34, w2=0.32, w3=0.24, w4=0.09",121756428.99462964,210721795.57
2025-03-18,0.981554,"w1=0.34, w2=0.32, w3=0.24, w4=0.09",121923637.06950387,203926103.71
2025-03-19,1.038248,"w1=0.34, w2=0.32, w3=0.24, w4=0.09",122081930.50475375,217074942.69
2025-03-20,1.122755,"w1=0.34, w2=0.32, w3=0.24, w4=0.09",122230942.52663472,238503494.48
2025-03-21,1.131314,"w1=0.34, w2=0.32, w3=0.24, w4=0.09",122370561.06539153,241060193.97
2025-03-22,1.108726,"w1=0.34, w2=0.32, w3=0.24, w4=0.09",122500806.49734329,235338805.15
2025-03-23,1.07671,"w1=0.34, w2=0.32, w3=0.24, w4=0.09",122621882.5856814,227397452.69
2025-03-24,1.078167,"w1=0.34, w2=0.32, w3=0.24, w4=0.09",122734094.97519302,227970217.87
2025-03-25,1.061115,"w1=0.34, w2=0.32, w3=0.24, w4=0.09",122837779.87514398,223936037.13
2025-03-26,1.039845,"w1=0.34, w2=0.32, w3=0.24, w4=0.09",122933405.9408745,218969037.47
2025-03-27,1.015475,"w1=0.34, w2=0.32, w3=0.24, w4=0.09",123021360.3224483,213410149.73
2025-03-28,0.982366,"w1=0.34, w2=0.32, w3=0.24, w4=0.09",123102152.42784391,206076377.47
2025-03-29,0.997337,"w1=0.34, w2=0.32, w3=0.24, w4=0.09",123176230.53608242,209540431.51
2025-03-30,1.07039,"w1=0.34, w2=0.32, w3=0.24, w4=0.09",123244063.3025041,226971197.82
2025-03-31,1.102491,"w1=0.34, w2=0.32, w3=0.24, w4=0.09",124857429.68764047,238216875.31
2025-04-01,1.126154,"w1=0.34, w2=0.32, w3=0.24, w4=0.09",125025086.04153582,244879158.85
2025-04-02,1.09808,"w1=0.34, w2=0.32, w3=0.24, w4=0.09",125209247.21393567,237726428.68
2025-04-03,1.083522,"w1=0.34, w2=0.32, w3=0.24, w4=0.09",125450747.34839942,234392517.33
2025-04-04,1.081283,"w1=0.34, w2=0.32, w3=0.24, w4=0.09",125743809.75845043,234362063.14
2025-04-05,1.062738,"w1=0.34, w2=0.32, w3=0.24, w4=0.09",126079244.72415596,230253917.86
2025-04-06,1.043809,"w1=0.34, w2=0.32, w3=0.24, w4=0.09",126446212.0437328,226200083.13
2025-04-07,1.025437,"w1=0.34, w2=0.32, w3=0.24, w4=0.09",126834116.0312274,222409639.43
2025-04-08,1.000039,"w1=0.34, w2=0.32, w3=0.24, w4=0.09",127233420.5692816,217072453.42
2025-04-09,1.011431,"w1=0.34, w2=0.32, w3=0.24, w4=0.09",127636036.25919628,220450182.24
2025-04-10,1.096041,"w1=0.34, w2=0.32, w3=0.24, w4=0.09",128035350.98541006,242545443.94
2025-04-11,1.11152,"w1=0.34, w2=0.32, w3=0.24, w4=0.09",128426026.1523079,247486720.19
2025-04-12,1.086327,"w1=0.34, w2=0.32, w3=0.24, w4=0.09",128804027.24869978,241402084.87
2025-04-13,1.055235,"w1=0.34, w2=0.32, w3=0.24, w4=0.09",129166277.45039538,233964076.76
2025-04-14,1.048058,"w1=0.34, w2=0.32, w3=0.24, w4=0.09",129510565.92676784,232757246.49
2025-04-15,1.047755,"w1=0.34, w2=0.32, w3=0.24, w4=0.09",129835435.77099857,233264024.08
2025-04-16,1.033151,"w1=0.34, w2=0.32, w3=0.24, w4=0.09",130140051.55400272,230124786.74
2025-04-17,1.01876,"w1=0.34, w2=0.32, w3=0.24, w4=0.09",130423985.3730784,227056968.83
2025-04-18,0.99895,"w1=0.34, w2=0.32, w3=0.24, w4=0.09",130687288.16902342,222703928.05
2025-04-19,0.979457,"w1=0.34, w2=0.32, w3=0.24, w4=0.09",130930296.15110362,218499360.93
2025-04-20,1.023612,"w1=0.34, w2=0.32, w3=0.24, w4=0.09",131153600.23257408,229529698.28
2025-04-21,1.087062,"w1=0.34, w2=0.32, w3=0.24, w4=0.09",131357944.1490835,246387959.99
2025-04-22,1.087135,"w1=0.34, w2=0.32, w3=0.24, w4=0.09",131544234.64683364,246757225.41
2025-04-23,1.069643,"w1=0.34, w2=0.32, w3=0.24, w4=0.09",131713480.353622,242370176.71
2025-04-24,1.049058,"w1=0.34, w2=0.32, w3=0.24, w4=0.09",131866730.64988436,237250360.92
2025-04-25,1.049549,"w1=0.34, w2=0.32, w3=0.24, w4=0.09",132005065.48053528,237626482.46
2025-04-26,1.031514,"w1=0.34, w2=0.32, w3=0.24, w4=0.09",132129564.79048914,233227861.28
2025-04-27,1.013352,"w1=0.34, w2=0.32, w3=0.24, w4=0.09",132241298.33650094,228878661.02
2025-04-28,0.991284,"w1=0.34, w2=0.32, w3=0.24, w4=0.09",132341295.12268732,223671843.49
2025-04-29,0.956451,"w1=0.34, w2=0.32, w3=0.24, w4=0.09",132430594.34132443,215645911.48
2025-04-30,0.963705,"w1=0.34, w2=0.32, w3=0.24, w4=0.09",133411021.31313148,218925967.71
2025-05-01,1.049064,"w1=0.34, w2=0.32, w3=0.24, w4=0.09",133545392.94970934,240272128.31
2025-05-02,1.080257,"w1=0.34, w2=0.32, w3=0.24, w4=0.09",133679734.02180852,248872122.93
2025-05-03,1.07245,"w1=0.34, w2=0.32, w3=0.24, w4=0.09",133850874.72627702,247062859.08
2025-05-04,1.046407,"w1=0.34, w2=0.32, w3=0.24, w4=0.09",134054536.0360952,240490446.5
2025-05-05,1.033479,"w1=0.34, w2=0.32, w3=0.24, w4=0.09",134285613.6833181,237539936.71
2025-05-06,1.041918,"w1=0.34, w2=0.32, w3=0.24, w4=0.09",134537291.78919297,240179161.83
2025-05-07,1.027053,"w1=0.34, w2=0.32, w3=0.24, w4=0.09",134802815.6039244,236797618.93
2025-05-08,1.016062,"w1=0.34, w2=0.32, w3=0.24, w4=0.09",135075888.84489772,234470368.94
2025-05-09,1.003555,"w1=0.34, w2=0.32, w3=0.24, w4=0.09",135351183.1046574,231798136.28
2025-05-10,0.991,"w1=0.34, w2=0.32, w3=0.24, w4=0.09",135624205.40483287,229150450.68
2025-05-11,0.986244,"w1=0.34, w2=0.32, w3=0.24, w4=0.09",135891369.51325518,228433216.55
2025-05-12,1.034658,"w1=0.34, w2=0.32, w3=0.24, w4=0.09",136149863.49788284,241146313.19
2025-05-13,1.067649,"w1=0.34, w2=0.32, w3=0.24, w4=0.09",136397527.46888682,250441368.56
2025-05-14,1.068652,"w1=0.34, w2=0.32, w3=0.24, w4=0.09",136632863.7668103,251149448.62
2025-05-15,1.055212,"w1=0.34, w2=0.32, w3=0.24, w4=0.09",136854761.88226002,247884309.3
2025-05-16,1.046089,"w1=0.34, w2=0.32, w3=0.24, w4=0.09",137062641.09014046,245801702.89
2025-05-17,1.042917,"w1=0.34, w2=0.32, w3=0.24, w4=0.09",137256246.68646234,245299777.51
2025-05-18,1.031163,"w1=0.34, w2=0.32, w3=0.24, w4=0.09",137435537.91858742,242501252.77
2025-05-19,1.018568,"w1=0.34, w2=0.32, w3=0.24, w4=0.09",137600779.6786645,239501397.3
2025-05-20,0.995007,"w1=0.34, w2=0.32, w3=0.24, w4=0.09",137752348.92859772,233750172.76
2025-05-21,0.968543,"w1=0.34, w2=0.32, w3=0.24, w4=0.09",137890836.58164215,227447372.26
2025-05-22,0.984703,"w1=0.34, w2=0.32, w3=0.24, w4=0.09",138016843.7392125,231623199.01
2025-05-23,1.048219,"w1=0.34, w2=0.32, w3=0.24, w4=0.09",138131103.94879785,248293722.12
2025-05-24,1.077661,"w1=0.34, w2=0.32, w3=0.24, w4=0.09",138234330.3815681,256618116.25
2025-05-25,1.072945,"w1=0.34, w2=0.32, w3=0.24, w4=0.09",138327297.3376507,255464210.67
2025-05-26,1.048205,"w1=0.34, w2=0.32, w3=0.24, w4=0.09",138410789.30533254,248792664.47
2025-05-27,1.039961,"w1=0.34, w2=0.32, w3=0.24, w4=0.09",138485509.267624,246701587.0
2025-05-28,1.040134,"w1=0.34, w2=0.32, w3=0.24, w4=0.09",138552211.14833334,246866878.68
2025-05-29,1.025405,"w1=0.34, w2=0.32, w3=0.24, w4=0.09",138611618.30679005,243053618.24
2025-05-30,1.014035,"w1=0.34, w2=0.32, w3=0.24, w4=0.09",139687579.65089148,241944897.76
2025-05-31,0.998163,"w1=0.34, w2=0.32, w3=0.24, w4=0.09",139807881.43910223,238044663.93
2025-06-01,0.990754,"w1=0.34, w2=0.32, w3=0.24, w4=0.09",139962609.01850235,236418162.97
2025-06-02,1.005625,"w1=0.34, w2=0.32, w3=0.24, w4=0.09",140117876.57035974,240497342.84
2025-06-03,1.08572,"w1=0.34, w2=0.32, w3=0.24, w4=0.09",140302424.89282328,262776462.11
2025-06-04,1.117137,"w1=0.34, w2=0.32, w3=0.24, w4=0.09",140512820.5761177,272470866.5
2025-06-05,1.101966,"w1=0.34, w2=0.32, w3=0.24, w4=0.09",140745263.43672305,268373620.19
2025-06-06,1.073843,"w1=0.34, w2=0.32, w3=0.24, w4=0.09",140994679.7711732,260647148.52
2025-06-07,1.065217,"w1=0.34, w2=0.32, w3=0.24, w4=0.09",141255893.99440625,258671681.45
2025-06-08,1.062353,"w1=0.34, w2=0.32, w3=0.24, w4=0.09",141524046.3543069,258351299.32
2025-06-09,1.033967,"w1=0.34, w2=0.32, w3=0.24, w4=0.09",141794796.6948981,250956047.74
2025-06-10,1.013716,"w1=0.34, w2=0.32, w3=0.24, w4=0.09",142064497.65505353,245977026.66
2025-06-11,0.986109,"w1=0.34, w2=0.32, w3=0.24, w4=0.09",142330102.9750615,239222090.45
2025-06-12,0.966473,"w1=0.34, w2=0.32, w3=0.24, w4=0.09",142589167.49662513,234678486.26
2025-06-13,1.027332,"w1=0.34, w2=0.32, w3=0.24, w4=0.09",142839724.9049472,250991356.54
2025-06-14,1.091671,"w1=0.34, w2=0.32, w3=0.24, w4=0.09",143080348.85768783,269742382.29
2025-06-15,1.07778,"w1=0.34, w2=0.32, w3=0.24, w4=0.09",143309979.78625172,266075339.29
2025-06-16,1.05055,"w1=0.34, w2=0.32, w3=0.24, w4=0.09",143527884.1431497,258651390.83
2025-06-17,1.021755,"w1=0.34, w2=0.32, w3=0.24, w4=0.09",143733654.40199903,251040425.59
2025-06-18,1.031634,"w1=0.34, w2=0.32, w3=0.24, w4=0.09",143927086.7996082,254085300.11
2025-06-19,1.004501,"w1=0.34, w2=0.32, w3=0.24, w4=0.09",144108222.0886156,247046863.69
2025-06-20,0.986597,"w1=0.34, w2=0.32, w3=0.24, w4=0.09",144277213.0914147,242621625.51
2025-06-21,0.964571,"w1=0.34, w2=0.32, w3=0.24, w4=0.09",144434345.0764735,237233909.57
2025-06-22,0.928594,"w1=0.34, w2=0.32, w3=0.24, w4=0.09",144580035.75833443,228587400.52
2025-06-23,0.951802,"w1=0.34, w2=0.32, w3=0.24, w4=0.09",144714733.41601858,234488031.36
2025-06-24,1.030562,"w1=0.34, w2=0.32, w3=0.24, w4=0.09",144838937.2693449,255397683.24
2025-06-25,1.058707,"w1=0.34, w2=0.32, w3=0.24, w4=0.09",144953217.85524938,263557867.8
2025-06-26,1.04686,"w1=0.34, w2=0.32, w3=0.24, w4=0.09",145058145.71066794,260359172.9
2025-06-27,1.020161,"w1=0.34, w2=0.32, w3=0.24, w4=0.09",145154270.99621746,253084528.97
2025-06-28,1.006648,"w1=0.34, w2=0.32, w3=0.24, w4=0.09",145242174.4369934,249567765.93
2025-06-29,1.013429,"w1=0.34, w2=0.32, w3=0.24, w4=0.09",144376914.4209735,249903352.56
2025-06-30,0.995122,"w1=0.34, w2=0.32, w3=0.24, w4=0.09",144385329.8407789,245035878.8
2025-07-01,1.005832,"w1=0.34, w2=0.32, w3=0.24, w4=0.09",144349915.79811117,247816481.05
2025-07-02,0.988042,"w1=0.34, w2=0.32, w3=0.24, w4=0.09",144279586.93259466,243001931.92
2025-07-03,0.964104,"w1=0.34, w2=0.32, w3=0.24, w4=0.09",144213343.519066,236753075.93
2025-07-04,1.008185,"w1=0.34, w2=0.32, w3=0.24, w4=0.09",144162728.7423188,248123951.5
2025-07-05,1.094793,"w1=0.34, w2=0.32, w3=0.24, w4=0.09",144134008.32048902,272666281.61
2025-07-06,1.10121,"w1=0.34, w2=0.32, w3=0.24, w4=0.09",144128863.2999058,274595891.99
2025-07-07,1.088245,"w1=0.34, w2=0.32, w3=0.24, w4=0.09",144146366.55804825,270727783.28
2025-07-08,1.05994,"w1=0.34, w2=0.32, w3=0.24, w4=0.09",144184062.74845982,262513125.43
2025-07-09,1.066395,"w1=0.34, w2=0.32, w3=0.24, w4=0.09",144238803.72983316,264475153.63
2025-07-10,1.050508,"w1=0.34, w2=0.32, w3=0.24, w4=0.09",144307308.91478652,260044073.46
2025-07-11,1.038435,"w1=0.34, w2=0.32, w3=0.24, w4=0.09",144386318.09225723,256786790.11
2025-07-12,1.020538,"w1=0.34, w2=0.32, w3=0.24, w4=0.09",144472958.20124644,251999431.26
2025-07-13,0.994575,"w1=0.34, w2=0.32, w3=0.24, w4=0.09",144564682.20186138,245196060.36
2025-07-14,0.981678,"w1=0.34, w2=0.32, w3=0.24, w4=0.09",144659258.88715613,241985204.63
2025-07-15,1.037981,"w1=0.34, w2=0.32, w3=0.24, w4=0.09",144754874.7647271,257315172.09
2025-07-16,1.100411,"w1=0.34, w2=0.32, w3=0.24, w4=0.09",144850042.36327696,275726284.37
2025-07-17,1.098126,"w1=0.34, w2=0.32, w3=0.24, w4=0.09",144943579.8562955,275208669.59
2025-07-18,1.075396,"w1=0.34, w2=0.32, w3=0.24, w4=0.09",145034560.1212618,268572972.07
2025-07-19,1.050314,"w1=0.34, w2=0.32, w3=0.24, w4=0.09",145122280.17516547,261457314.61
2025-07-20,1.058287,"w1=0.34, w2=0.32, w3=0.24, w4=0.09",145206250.98634714,263896720.04
2025-07-21,1.035864,"w1=0.34, w2=0.32, w3=0.24, w4=0.09",145286085.40474308,257665710.24
2025-07-22,1.021156,"w1=0.34, w2=0.32, w3=0.24, w4=0.09",145361579.6671619,253719105.71
2025-07-23,1.002376,"w1=0.34, w2=0.32, w3=0.24, w4=0.09",145432642.0801675,248747200.22
2025-07-24,0.974399,"w1=0.34, w2=0.32, w3=0.24, w4=0.09",145499191.1384833,241502447.22
2025-07-25,0.968084,"w1=0.34, w2=0.32, w3=0.24, w4=0.09",145561318.53554538,239982101.19
2025-07-26,1.041582,"w1=0.34, w2=0.32, w3=0.24, w4=0.09",145619075.21215165,259867553.61
2025-07-27,1.084627,"w1=0.34, w2=0.32, w3=0.24, w4=0.09",145672644.55517435,272506387.82
2025-07-28,1.081362,"w1=0.34, w2=0.32, w3=0.24, w4=0.09",145722159.01068792,271621429.83
2025-07-29,1.059589,"w1=0.34, w2=0.32, w3=0.24, w4=0.09",145017494.9539809,263929192.34
2025-07-30,1.041576,"w1=0.34, w2=0.32, w3=0.24, w4=0.09",145007449.42864418,258774373.91
2025-07-31,1.042447,"w1=0.34, w2=0.32, w3=0.24, w4=0.09",144964862.92163867,258943803.42
2025-08-01,1.042554,"w1=0.34, w2=0.32, w3=0.24, w4=0.09",144902317.8100342,258862239.16
2025-08-02,1.027209,"w1=0.34, w2=0.32, w3=0.24, w4=0.09",144819416.75560746,254436039.99
2025-08-03,1.007481,"w1=0.34, w2=0.32, w3=0.24, w4=0.09",144752378.66563228,248949699.05
2025-08-04,0.976647,"w1=0.34, w2=0.32, w3=0.24, w4=0.09",144707754.52671263,240766673.3
2025-08-05,0.997453,"w1=0.34, w2=0.32, w3=0.24, w4=0.09",144688560.03408146,246166699.96
2025-08-06,1.0744,"w1=0.34, w2=0.32, w3=0.24, w4=0.09",144694092.20472834,267649615.9
2025-08-07,1.105888,"w1=0.34, w2=0.32, w3=0.24, w4=0.09",144721702.1171649,277155676.1
2025-08-08,1.088491,"w1=0.34, w2=0.32, w3=0.24, w4=0.09",144767803.5392223,271968639.61
2025-08-09,1.060572,"w1=0.34, w2=0.32, w3=0.24, w4=0.09",144828596.28738064,263868981.03
2025-08-10,1.051747,"w1=0.34, w2=0.32, w3=0.24, w4=0.09",144900524.69394973,261466358.88
2025-08-11,1.052883,"w1=0.34, w2=0.32, w3=0.24, w4=0.09",144980369.30050528,261935065.56
2025-08-12,1.031578,"w1=0.34, w2=0.32, w3=0.24, w4=0.09",145065369.11580357,256079225.9
2025-08-13,1.021181,"w1=0.34, w2=0.32, w3=0.24, w4=0.09",145153191.05130294,253362234.31
2025-08-14,1.00132,"w1=0.34, w2=0.32, w3=0.24, w4=0.09",145241940.10932326,248138680.75
2025-08-15,0.984053,"w1=0.34, w2=0.32, w3=0.24, w4=0.09",145330128.8185672,243726699.47
2025-08-16,1.031015,"w1=0.34, w2=0.32, w3=0.24, w4=0.09",145416585.5406841,256542374.57
2025-08-17,1.103569,"w1=0.34, w2=0.32, w3=0.24, w4=0.09",145500444.28211048,277933051.2
2025-08-18,1.098213,"w1=0.34, w2=0.32, w3=0.24, w4=0.09",145580991.8716764,276445506.65
2025-08-19,1.079736,"w1=0.34, w2=0.32, w3=0.24, w4=0.09",145657820.782999,271016483.97
2025-08-20,1.055686,"w1=0.34, w2=0.32, w3=0.24, w4=0.09",145730645.7476103,264097884.33
2025-08-21,1.067351,"w1=0.34, w2=0.32, w3=0.24, w4=0.09",145799201.87336153,267616493.13
2025-08-22,1.043174,"w1=0.34, w2=0.32, w3=0.24, w4=0.09",145863529.91289088,260755394.14
2025-08-23,1.023845,"w1=0.34, w2=0.32, w3=0.24, w4=0.09",145923568.73724097,255442842.51
2025-08-24,1.001587,"w1=0.34, w2=0.32, w3=0.24, w4=0.09",145979430.41616708,249470358.75
2025-08-25,0.965465,"w1=0.34, w2=0.32, w3=0.24, w4=0.09",146031196.45494577,240085380.07
2025-08-26,0.985682,"w1=0.34, w2=0.32, w3=0.24, w4=0.09",146079019.6759706,245410730.92
2025-08-27,1.059213,"w1=0.34, w2=0.32, w3=0.24, w4=0.09",146123093.65427345,265832022.54
2025-08-28,1.094186,"w1=0.34, w2=0.32, w3=0.24, w4=0.09",148957999.99561688,281603399.94
2025-08-29,1.085364,"w1=0.34, w2=0.32, w3=0.24, w4=0.09",149166327.48251843,279268433.88
2025-08-30,1.059809,"w1=0.34, w2=0.32, w3=0.24, w4=0.09",149473429.17645788,272104379.58
2025-08-31,1.045167,"w1=0.34, w2=0.32, w3=0.24, w4=0.09",149837859.6443016,268442330.11
2025-09-01,1.06304,"w1=0.34, w2=0.32, w3=0.24, w4=0.09",150229064.5954971,274448567.0
2025-09-02,1.041207,"w1=0.34, w2=0.32, w3=0.24, w4=0.09",150631639.5327735,268703124.48
2025-09-03,1.021977,"w1=0.34, w2=0.32, w3=0.24, w4=0.09",151047469.26565138,263877916.79
2025-09-04,0.995958,"w1=0.34, w2=0.32, w3=0.24, w4=0.09",151469473.0232291,257289478.86
2025-09-05,0.96572,"w1=0.34, w2=0.32, w3=0.24, w4=0.09",151893208.76793382,249790819.27
2025-09-06,0.995314,"w1=0.34, w2=0.32, w3=0.24, w4=0.09",152314529.91882032,258545852.6
2025-09-07,1.080213,"w1=0.34, w2=0.32, w3=0.24, w4=0.09",152729778.92660266,284323915.44
2025-09-08,1.091511,"w1=0.34, w2=0.32, w3=0.24, w4=0.09",153135695.58021826,288648302.85
2025-09-09,1.070448,"w1=0.34, w2=0.32, w3=0.24, w4=0.09",153529478.13578513,282764016.87
2025-09-10,1.042598,"w1=0.34, w2=0.32, w3=0.24, w4=0.09",153908885.19819778,274965287.49
2025-09-11,1.04847,"w1=0.34, w2=0.32, w3=0.24, w4=0.09",154272001.39345688,277383258.21
2025-09-12,1.031611,"w1=0.34, w2=0.32, w3=0.24, w4=0.09",154617543.01345655,272951149.84
2025-09-13,1.01991,"w1=0.34, w2=0.32, w3=0.24, w4=0.09",154944531.99487796,270081014.04
2025-09-14,0.99902,"w1=0.34, w2=0.32, w3=0.24, w4=0.09",155252448.74158305,264585294.12
2025-09-15,0.971764,"w1=0.34, w2=0.32, w3=0.24, w4=0.09",155541120.0548591,257444584.26
2025-09-16,0.959459,"w1=0.34, w2=0.32, w3=0.24, w4=0.09",155810637.62814224,254530243.56
2025-09-17,1.014404,"w1=0.34, w2=0.32, w3=0.24, w4=0.09",156061347.85885787,270412769.0
2025-09-18,1.082596,"w1=0.34, w2=0.32, w3=0.24, w4=0.09",156293780.53130367,291722328.19
2025-09-19,1.078693,"w1=0.34, w2=0.32, w3=0.24, w4=0.09",156508638.62849003,290872237.65
2025-09-20,1.054904,"w1=0.34, w2=0.32, w3=0.24, w4=0.09",156706645.5097465,283746432.53
2025-09-21,1.033419,"w1=0.34, w2=0.32, w3=0.24, w4=0.09",156888769.0502322,277504927.86
2025-09-22,1.046964,"w1=0.34, w2=0.32, w3=0.24, w4=0.09",157055803.92639372,281925259.15
2025-09-23,1.030519,"w1=0.34, w2=0.32, w3=0.24, w4=0.09",157208768.95418814,277196742.23
2025-09-24,1.018717,"w1=0.34, w2=0.32, w3=0.24, w4=0.09",157348550.50349805,273917583.29
2025-09-25,1.001794,"w1=0.34, w2=0.32, w3=0.24, w4=0.09",157476075.69684443,269177452.01
2025-09-26,0.978792,"w1=0.34, w2=0.32, w3=0.24, w4=0.09",157592261.46858862,262806360.92
2025-09-27,0.967489,"w1=0.34, w2=0.32, w3=0.24, w4=0.09",157373287.3549357,259291497.67
2025-09-28,1.035023,"w1=0.34, w2=0.32, w3=0.24, w4=0.09",157450544.16896027,278984342.34
2025-09-29,1.092212,"w1=0.34, w2=0.32, w3=0.24, w4=0.09",157505825.12279084,297115241.96
2025-09-30,1.088544,"w1=0.34, w2=0.32, w3=0.24, w4=0.09",157544805.02130833,295989492.02
2025-10-01,1.08107,"w1=0.34, w2=0.32, w3=0.24, w4=0.09",157571824.0204898,293614514.76
2025-10-02,1.063592,"w1=0.34, w2=0.32, w3=0.24, w4=0.09",157585078.81609127,288061059.64
2025-10-03,1.070418,"w1=0.34, w2=0.32, w3=0.24, w4=0.09",157613259.26546383,290275798.55
2025-10-04,1.049911,"w1=0.34, w2=0.32, w3=0.24, w4=0.09",157659401.4401595,283919763.09
2025-10-05,1.035925,"w1=0.34, w2=0.32, w3=0.24, w4=0.09",157725624.477369,279745851.67
2025-10-06,1.012279,"w1=0.34, w2=0.32, w3=0.24, w4=0.09",157811734.8020605,272818705.48
2025-10-07,0.980391,"w1=0.34, w2=0.32, w3=0.24, w4=0.09",157916092.12054312,263797425.11
2025-10-08,1.012214,"w1=0.34, w2=0.32, w3=0.24, w4=0.09",158036230.89820075,273187627.29
2025-10-09,1.088234,"w1=0.34, w2=0.32, w3=0.24, w4=0.09",158169216.94507703,297061129.82
2025-10-10,1.111184,"w1=0.34, w2=0.32, w3=0.24, w4=0.09",158312034.565939,304965758.48
2025-10-11,1.098505,"w1=0.34, w2=0.32, w3=0.24, w4=0.09",158461841.2642665,301002178.09
2025-10-12,1.074237,"w1=0.34, w2=0.32, w3=0.24, w4=0.09",158615886.2369754,293349117.69
2025-10-13,1.070831,"w1=0.34, w2=0.32, w3=0.24, w4=0.09",158771856.77184314,292542076.77
2025-10-14,1.07084,"w1=0.34, w2=0.32, w3=0.24, w4=0.09",158927654.1079982,292832029.12
2025-10-15,1.055982,"w1=0.34, w2=0.32, w3=0.24, w4=0.09",159081556.4464731,288386102.55
2025-10-16,1.038393,"w1=0.34, w2=0.32, w3=0.24, w4=0.09",159232137.44492796,283176703.9
2025-10-17,1.011978,"w1=0.34, w2=0.32, w3=0.24, w4=0.09",159378266.2176504,275437313.58
2025-10-18,0.983495,"w1=0.34, w2=0.32, w3=0.24, w4=0.09",159519076.77107698,267362456.59
2025-10-19,1.024344,"w1=0.34, w2=0.32, w3=0.24, w4=0.09",159653866.12219727,279629212.29
2025-10-20,1.107092,"w1=0.34, w2=0.32, w3=0.24, w4=0.09",159782185.99199015,306405973.47
2025-10-21,1.113968,"w1=0.34, w2=0.32, w3=0.24, w4=0.09",159903791.86462596,308984126.19
2025-10-22,1.097567,"w1=0.34, w2=0.32, w3=0.24, w4=0.09",160018459.6005941,303644264.57
2025-10-23,1.073162,"w1=0.34, w2=0.32, w3=0.24, w4=0.09",160126179.01173505,295793039.52
2025-10-24,1.070034,"w1=0.34, w2=0.32, w3=0.24, w4=0.09",160227001.03884664,294965266.06
2025-10-25,1.055361,"w1=0.34, w2=0.32, w3=0.24, w4=0.09",160321017.37536502,290435888.69
2025-10-26,1.034547,"w1=0.34, w2=0.32, w3=0.24, w4=0.09",160408411.40816242,284078375.19
2025-10-27,1.030924,"w1=0.34, w2=0.32, w3=0.24, w4=0.09",156880496.2646608,276739544.92
2025-10-28,1.005286,"w1=0.34, w2=0.32, w3=0.24, w4=0.09",156729365.10558912,268910898.99
2025-10-29,0.997114,"w1=0.34, w2=0.32, w3=0.24, w4=0.09",156439715.7289943,266062569.93
2025-10-30,1.052695,"w1=0.34, w2=0.32, w3=0.24, w4=0.09",156064872.96206933,281903495.63
2025-10-31,1.106328,"w1=0.34, w2=0.32, w3=0.24, w4=0.09",155644112.15995923,298218304.48
2025-11-01,1.120559,"w1=0.34, w2=0.32, w3=0.24, w4=0.09",155204299.49945194,302104920.94
2025-11-02,1.100325,"w1=0.34, w2=0.32, w3=0.24, w4=0.09",154756224.24153283,294554993.96
2025-11-03,1.088734,"w1=0.34, w2=0.32, w3=0.24, w4=0.09",154341158.62062275,290031312.33
2025-11-04,1.094577,"w1=0.34, w2=0.32, w3=0.24, w4=0.09",153966315.85369778,291197179.64
2025-11-05,1.080215,"w1=0.34, w2=0.32, w3=0.24, w4=0.09",153635119.16237366,286009938.59
2025-11-06,1.06913,"w1=0.34, w2=0.32, w3=0.24, w4=0.09",153346987.82155487,282019999.4
2025-11-07,1.051012,"w1=0.34, w2=0.32, w3=0.24, w4=0.09",153099191.40447643,276038957.78
2025-11-08,1.028729,"w1=0.34, w2=0.32, w3=0.24, w4=0.09",152888001.04473552,269055093.6
2025-11-09,1.010477,"w1=0.34, w2=0.32, w3=0.24, w4=0.09",152709433.17193997,263484893.58
2025-11-10,1.065037,"w1=0.34, w2=0.32, w3=0.24, w4=0.09",152559494.02753806,279316070.73
2025-11-11,1.116732,"w1=0.34, w2=0.32, w3=0.24, w4=0.09",152434424.18064824,295455442.71
2025-11-12,1.115681,"w1=0.34, w2=0.32, w3=0.24, w4=0.09",152330841.162293,294910587.04
2025-11-13,1.099737,"w1=0.34, w2=0.32, w3=0.24, w4=0.09",152245708.90092027,289588379.98
2025-11-14,1.081681,"w1=0.34, w2=0.32, w3=0.24, w4=0.09",152176327.53424385,283751337.19
2025-11-15,1.083888,"w1=0.34, w2=0.32, w3=0.24, w4=0.09",152120384.35004115,284336646.34
2025-11-16,1.064023,"w1=0.34, w2=0.32, w3=0.24, w4=0.09",152075851.90455768,278121568.42
2025-11-17,1.047129,"w1=0.34, w2=0.32, w3=0.24, w4=0.09",152040957.45802805,272972383.77
2025-11-18,1.024515,"w1=0.34, w2=0.32, w3=0.24, w4=0.09",152014172.78651667,266297844.52
2025-11-19,0.99798,"w1=0.34, w2=0.32, w3=0.24, w4=0.09",151994214.1819177,258742848.48
2025-11-20,1.000382,"w1=0.34, w2=0.32, w3=0.24, w4=0.09",151979940.57035914,259388146.99
2025-11-21,1.073027,"w1=0.34, w2=0.32, w3=0.24, w4=0.09",151970363.70036268,280685619.45
2025-11-22,1.116035,"w1=0.34, w2=0.32, w3=0.24, w4=0.09",151964668.51916268,294317244.13
2025-11-23,1.107818,"w1=0.34, w2=0.32, w3=0.24, w4=0.09",151962172.42006785,291644256.96
2025-11-24,1.083562,"w1=0.34, w2=0.32, w3=0.24, w4=0.09",151962243.73718485,283939167.87
2025-11-25,1.070637,"w1=0.34, w2=0.32, w3=0.24, w4=0.09",151964393.43885428,279939537.27
2025-11-26,1.067516,"w1=0.34, w2=0.32, w3=0.24, w4=0.09",153754870.7899676,282270275.19
2025-11-27,1.052851,"w1=0.34, w2=0.32, w3=0.24, w4=0.09",153870037.74575472,277986257.71
2025-11-28,1.036304,"w1=0.34, w2=0.32, w3=0.24, w4=0.09",154052996.71532524,273344579.16
2025-11-29,1.017188,"w1=0.34, w2=0.32, w3=0.24, w4=0.09",154278124.47735888,268128665.23
2025-11-30,0.985151,"w1=0.34, w2=0.32, w3=0.24, w4=0.09",154525584.68517146,259453118.25
2025-12-01,1.015018,"w1=0.34, w2=0.32, w3=0.24, w4=0.09",154781256.549598,268372733.62
2025-12-02,1.091265,"w1=0.34, w2=0.32, w3=0.24, w4=0.09",155026679.12549648,292133398.44
2025-12-03,1.124588,"w1=0.34, w2=0.32, w3=0.24, w4=0.09",155284500.69159243,303617305.43
2025-12-04,1.114352,"w1=0.34, w2=0.32, w3=0.24, w4=0.09",155551206.33283406,300701589.93
2025-12-05,1.092546,"w1=0.34, w2=0.32, w3=0.24, w4=0.09",155825339.14240274,294053518.13
2025-12-06,1.080952,"w1=0.34, w2=0.32, w3=0.24, w4=0.09",156104851.30022472,290843256.19
2025-12-07,1.078654,"w1=0.34, w2=0.32, w3=0.24, w4=0.09",156387256.8953648,290634190.37
2025-12-08,1.060643,"w1=0.34, w2=0.32, w3=0.24, w4=0.09",156670080.20504725,285465624.59
2025-12-09,1.039663,"w1=0.34, w2=0.32, w3=0.24, w4=0.09",156950743.62490073,279505380.44
2025-12-10,1.018015,"w1=0.34, w2=0.32, w3=0.24, w4=0.09",157226934.44270268,273498091.47
2025-12-11,0.995838,"w1=0.34, w2=0.32, w3=0.24, w4=0.09",157496564.0857411,267492719.88
2025-12-12,1.045238,"w1=0.34, w2=0.32, w3=0.24, w4=0.09",157757819.0616124,282653215.89
2025-12-13,1.119559,"w1=0.34, w2=0.32, w3=0.24, w4=0.09",158009222.08717886,307223328.64
2025-12-14,1.136568,"w1=0.34, w2=0.32, w3=0.24, w4=0.09",158249632.0885685,313569462.47
2025-12-15,1.118329,"w1=0.34, w2=0.32, w3=0.24, w4=0.09",158478121.94326046,307714533.11
2025-12-16,1.096193,"w1=0.34, w2=0.32, w3=0.24, w4=0.09",158694182.24327618,300674853.09
2025-12-17,1.10158,"w1=0.34, w2=0.32, w3=0.24, w4=0.09",158897436.02671152,302856985.59
2025-12-18,1.09232,"w1=0.34, w2=0.32, w3=0.24, w4=0.09",159087791.60013035,300135174.4
2025-12-19,1.073329,"w1=0.34, w2=0.32, w3=0.24, w4=0.09",159265320.2806497,294256750.78
2025-12-20,1.051725,"w1=0.34, w2=0.32, w3=0.24, w4=0.09",159430266.58409923,287677704.47
2025-12-21,1.02148,"w1=0.34, w2=0.32, w3=0.24, w4=0.09",159582946.34342566,278639293.38
2025-12-22,1.015409,"w1=0.34, w2=0.32, w3=0.24, w4=0.09",159723828.2139692,277059644.75
2025-12-23,1.081921,"w1=0.34, w2=0.32, w3=0.24, w4=0.09",159853441.9800276,298144954.37
2025-12-24,1.136828,"w1=0.34, w2=0.32, w3=0.24, w4=0.09",159972317.42589843,317074846.16
2025-12-25,1.131382,"w1=0.34, w2=0.32, w3=0.24, w4=0.09",160081065.84115604,315370744.64
2025-12-26,1.136629,"w1=0.34, w2=0.32, w3=0.24, w4=0.09",155235556.77301484,307618035.21
2025-12-27,1.1224,"w1=0.34, w2=0.32, w3=0.24, w4=0.09",155015838.92371324,302355825.67
2025-12-28,1.122719,"w1=0.34, w2=0.32, w3=0.24, w4=0.09",154602759.99391946,301657032.7
2025-12-29,1.104731,"w1=0.34, w2=0.32, w3=0.24, w4=0.09",154069195.88904265,294679505.74
2025-12-30,1.086088,"w1=0.34, w2=0.32, w3=0.24, w4=0.09",153471619.57758316,287557928.59
2025-12-31,1.067038,"w1=0.34, w2=0.32, w3=0.24, w4=0.09",152850090.90297297,280462280.04
2026-01-01,1.055886,"w1=0.34, w2=0.32, w3=0.24, w4=0.09",152231547.359117,275939327.26
2026-01-02,1.084193,"w1=0.34, w2=0.32, w3=0.24, w4=0.09",151595072.65441662,283449893.1
2026-01-03,1.172855,"w1=0.34, w2=0.32, w3=0.24, w4=0.09",150997761.23510596,311607554.41
2026-01-04,1.209345,"w1=0.34, w2=0.32, w3=0.24, w4=0.09",150452226.04273358,323541613.46
2026-01-05,1.183477,"w1=0.34, w2=0.32, w3=0.24, w4=0.09",149965445.9666054,313200410.98
2026-01-06,1.153921,"w1=0.34, w2=0.32, w3=0.24, w4=0.09",149538735.27930602,302109799.69
2026-01-07,1.150709,"w1=0.34, w2=0.32, w3=0.24, w4=0.09",149169760.89229378,300283012.4
2026-01-08,1.150728,"w1=0.34, w2=0.32, w3=0.24, w4=0.09",148854213.21407023,299654175.11
2026-01-09,1.131341,"w1=0.34, w2=0.32, w3=0.24, w4=0.09",148586794.40165865,292712872.33
2026-01-10,1.116107,"w1=0.34, w2=0.32, w3=0.24, w4=0.09",148361911.15545473,287362565.23
2026-01-11,1.09269,"w1=0.34, w2=0.32, w3=0.24, w4=0.09",148174133.18640727,279659563.29
2026-01-12,1.064775,"w1=0.34, w2=0.32, w3=0.24, w4=0.09",148018376.6028905,270924136.67
2026-01-13,1.106657,"w1=0.34, w2=0.32, w3=0.24, w4=0.09",147890015.98045933,283464452.19
2026-01-14,1.182036,"w1=0.34, w2=0.32, w3=0.24, w4=0.09",147784986.24344504,308145704.23
2026-01-15,1.195146,"w1=0.34, w2=0.32, w3=0.24, w4=0.09",147699690.9715192,312558082.62
2026-01-16,1.176267,"w1=0.34, w2=0.32, w3=0.24, w4=0.09",147631094.09312972,305831517.05
2026-01-17,1.157663,"w1=0.34, w2=0.32, w3=0.24, w4=0.09",147576495.74599037,299397744.38
2026-01-18,1.155964,"w1=0.34, w2=0.32, w3=0.24, w4=0.09",147533613.7823573,298741576.71
2026-01-19,1.139403,"w1=0.34, w2=0.32, w3=0.24, w4=0.09",147500532.82823128,293195888.92
2026-01-20,1.12213,"w1=0.34, w2=0.32, w3=0.24, w4=0.09",147475571.83728307,287562376.96
2026-01-21,1.099164,"w1=0.34, w2=0.32, w3=0.24, w4=0.09",147457375.7842898,280302915.89
2026-01-22,1.068935,"w1=0.34, w2=0.32, w3=0.24, w4=0.09",147444671.14930516,271107096.77
2026-01-23,1.055918,"w1=0.34, w2=0.32, w3=0.24, w4=0.09",147436510.43348902,267257048.69
2026-01-24,1.114867,"w1=0.34, w2=0.32, w3=0.24, w4=0.09",147432017.45511836,285168926.89
2026-01-25,1.172467,"w1=0.34, w2=0.32, w3=0.24, w4=0.09",151703495.04856795,312927392.59
2026-01-26,1.177841,"w1=0.34, w2=0.32, w3=0.24, w4=0.09",152029383.70875573,315501444.3
2026-01-27,1.155708,"w1=0.34, w2=0.32, w3=0.24, w4=0.09",152554389.75959316,308819609.88
2026-01-28,1.1337,"w1=0.34, w2=0.32, w3=0.24, w4=0.09",153210517.4241054,302615632.78
2026-01-29,1.134503,"w1=0.34, w2=0.32, w3=0.24, w4=0.09",153943861.15000397,304336299.78
2026-01-30,1.116916,"w1=0.34, w2=0.32, w3=0.24, w4=0.09",154715216.8992608,299937414.25
2026-01-31,1.098224,"w1=0.34, w2=0.32, w3=0.24, w4=0.09",155497300.78054553,295279293.28
2026-02-01,1.096407,"w1=0.34, w2=0.32, w3=0.24, w4=0.09",156271672.22503528,296154931.62
2026-02-02,1.065754,"w1=0.34, w2=0.32, w3=0.24, w4=0.09",156955898.8336435,287591084.29
2026-02-03,1.060855,"w1=0.34, w2=0.32, w3=0.24, w4=0.09",157607910.4816892,287241043.21
2026-02-04,1.137775,"w1=0.34, w2=0.32, w3=0.24, w4=0.09",158230926.6275967,313954682.22
2026-02-05,1.186182,"w1=0.34, w2=0.32, w3=0.24, w4=0.09",158830825.83943832,332728909.67
2026-02-06,1.174387,"w1=0.34, w2=0.32, w3=0.24, w4=0.09",159411367.5480956,329537660.17
2026-02-07,1.138671,"w1=0.34, w2=0.32, w3=0.24, w4=0.09",159974752.39603585,317732086.2
2026-02-08,1.11687,"w1=0.34, w2=0.32, w3=0.24, w4=0.09",160522050.14001393,311178900.46
2026-02-09,1.113765,"w1=0.34, w2=0.32, w3=0.24, w4=0.09",161053413.6024235,311135511.57
2026-02-10,1.095673,"w1=0.34, w2=0.32, w3=0.24, w4=0.09",161568526.95031777,305945142.79
2026-02-11,1.07626,"w1=0.34, w2=0.32, w3=0.24, w4=0.09",162066758.51780343,300397888.86
2026-02-12,1.0561,"w1=0.34, w2=0.32, w3=0.24, w4=0.09",162547354.3810722,294706965.17
2026-02-13,1.026477,"w1=0.34, w2=0.32, w3=0.24, w4=0.09",163009530.05183718,286167382.84
2026-02-14,1.043232,"w1=0.34, w2=0.32, w3=0.24, w4=0.09",163452725.18132192,292217472.19
2026-02-15,1.12333,"w1=0.34, w2=0.32, w3=0.24, w4=0.09",163876409.9852288,319968738.4
2026-02-16,1.145354,"w1=0.34, w2=0.32, w3=0.24, w4=0.09",164280258.44245154,328726915.41
2026-02-17,1.130311,"w1=0.34, w2=0.32, w3=0.24, w4=0.09",164664209.42403272,324013241.76
2026-02-18,1.106444,"w1=0.34, w2=0.32, w3=0.24, w4=0.09",165028303.6826106,316239267.02
2026-02-19,1.098253,"w1=0.34, w2=0.32, w3=0.24, w4=0.09",165372775.54585534,314042239.02
2026-02-20,1.090601,"w1=0.34, w2=0.32, w3=0.24, w4=0.09",165697971.41119233,312013952.46
2026-02-21,1.075358,"w1=0.34, w2=0.32, w3=0.24, w4=0.09",166004380.31028095,307391763.85
2026-02-22,1.059233,"w1=0.34, w2=0.32, w3=0.24, w4=0.09",166292542.21557844,302531575.5
2026-02-23,1.037103,"w1=0.34, w2=0.32, w3=0.24, w4=0.09",166563170.2982548,295798888.56
2026-02-24,1.001995,"w1=0.34, w2=0.32, w3=0.24, w4=0.09",165784367.0043518,283440350.49
2026-02-25,1.015494,"w1=0.34, w2=0.32, w3=0.24, w4=0.09",165925391.50912935,287843426.64
2026-02-26,1.091598,"w1=0.34, w2=0.32, w3=0.24, w4=0.09",166000834.83075035,312928061.44
2026-02-27,1.125195,"w1=0.34, w2=0.32, w3=0.24, w4=0.09",166027527.80882555,324841577.33
2026-02-28,1.114137,"w1=0.34, w2=0.32, w3=0.24, w4=0.09",166019489.35092428,320861691.14
2026-03-01,1.108122,"w1=0.34, w2=0.32, w3=0.24, w4=0.09",165987478.15355316,318668727.35
2026-03-02,1.098271,"w1=0.34, w2=0.32, w3=0.24, w4=0.09",165860992.152483,314975622.8
2026-03-03,1.092882,"w1=0.34, w2=0.32, w3=0.24, w4=0.09",165717155.71566394,312836003.28
2026-03-04,1.074922,"w1=0.34, w2=0.32, w3=0.24, w4=0.09",165570425.8415268,306441450.94
2026-03-05,1.054589,"w1=0.34, w2=0.32, w3=0.24, w4=0.09",165433914.69143906,299445716.74
2026-03-06,1.032532,"w1=0.34, w2=0.32, w3=0.24, w4=0.09",165315548.65354675,292128662.88
2026-03-07,1.006006,"w1=0.34, w2=0.32, w3=0.24, w4=0.09",165219647.5075078,283698351.22
2026-03-08,1.046798,"w1=0.34, w2=0.32, w3=0.24, w4=0.09",165147780.22989613,296397236.74
2026-03-09,1.128281,"w1=0.34, w2=0.32, w3=0.24, w4=0.09",165099661.55224374,324136899.19
2026-03-10,1.14166,"w1=0.34, w2=0.32, w3=0.24, w4=0.09",165073814.1914129,328954928.25
2026-03-11,1.123323,"w1=0.34, w2=0.32, w3=0.24, w4=0.09",165068068.06941503,322292943.75
2026-03-12,1.093189,"w1=0.34, w2=0.32, w3=0.24, w4=0.09",165079855.7700383,311738482.92
2026-03-13,1.094197,"w1=0.34, w2=0.32, w3=0.24, w4=0.09",165106538.55995396,312135816.57
2026-03-14,1.089303,"w1=0.34, w2=0.32, w3=0.24, w4=0.09",165145498.0821523,310529020.93
2026-03-15,1.075192,"w1=0.34, w2=0.32, w3=0.24, w4=0.09",165194248.42569807,305835877.46
2026-03-16,1.055917,"w1=0.34, w2=0.32, w3=0.24, w4=0.09",165250619.51260272,299548222.33
2026-03-17,1.03316,"w1=0.34, w2=0.32, w3=0.24, w4=0.09",165312543.14647338,292322656.67
2026-03-18,1.011101,"w1=0.34, w2=0.32, w3=0.24, w4=0.09",165378338.28098094,285536109.86
2026-03-19,1.068238,"w1=0.34, w2=0.32, w3=0.24, w4=0.09",165446517.444828,303974802.13
2026-03-20,1.132482,"w1=0.34, w2=0.32, w3=0.24, w4=0.09",165515776.55358958,326477220.82
2026-03-21,1.133505,"w1=0.34, w2=0.32, w3=0.24, w4=0.09",165585137.5439469,326986465.62
2026-03-22,1.112772,"w1=0.34, w2=0.32, w3=0.24, w4=0.09",165653663.10521936,319670504.44
2026-03-23,1.094034,"w1=0.34, w2=0.32, w3=0.24, w4=0.09",165720721.57151368,313240592.41
2026-03-24,1.103311,"w1=0.34, w2=0.32, w3=0.24, w4=0.09",165785732.21773428,316591392.12
2026-03-25,1.08753,"w1=0.34, w2=0.32, w3=0.24, w4=0.09",165848318.08197704,311241928.69
2026-03-26,1.079459,"w1=0.34, w2=0.32, w3=0.24, w4=0.09",164436127.0957236,305862956.44
2026-03-27,1.065401,"w1=0.34, w2=0.32, w3=0.24, w4=0.09",164390066.4263045,301096293.66
2026-03-28,1.044126,"w1=0.34, w2=0.32, w3=0.24, w4=0.09",164275877.53383613,293975198.31
2026-03-29,1.03529,"w1=0.34, w2=0.32, w3=0.24, w4=0.09",164115271.38636371,290877862.31
2026-03-30,1.098692,"w1=0.34, w2=0.32, w3=0.24, w4=0.09",163925791.99466795,311445416.87
2026-03-31,1.15895,"w1=0.34, w2=0.32, w3=0.24, w4=0.09",163720551.52011633,332629630.16
2026-04-01,1.174819,"w1=0.34, w2=0.32, w3=0.24, w4=0.09",163508841.5642373,338172324.98
2026-04-02,1.149462,"w1=0.34, w2=0.32, w3=0.24, w4=0.09",163229563.73408544,328127798.33
2026-04-03,1.134851,"w1=0.34, w2=0.32, w3=0.24, w4=0.09",162953902.70058116,322273488.41
2026-04-04,1.139428,"w1=0.34, w2=0.32, w3=0.24, w4=0.09",162689570.90051952,323397095.3
2026-04-05,1.127944,"w1=0.34, w2=0.32, w3=0.24, w4=0.09",162445656.17223755,318806774.46
2026-04-06,1.117171,"w1=0.34, w2=0.32, w3=0.24, w4=0.09",162227517.4876694,314590084.49
2026-04-07,1.097632,"w1=0.34, w2=0.32, w3=0.24, w4=0.09",162037803.7683035,307498159.82
2026-04-08,1.075599,"w1=0.34, w2=0.32, w3=0.24, w4=0.09",161877421.76034164,299829185.1
2026-04-09,1.066432,"w1=0.34, w2=0.32, w3=0.24, w4=0.09",161745933.37292227,296588114.42
2026-04-10,1.137585,"w1=0.34, w2=0.32, w3=0.24, w4=0.09",161641871.5110672,320654571.87
2026-04-11,1.196103,"w1=0.34, w2=0.32, w3=0.24, w4=0.09",161563259.67181972,342265821.14
2026-04-12,1.197723,"w1=0.34, w2=0.32, w3=0.24, w4=0.09",161507815.70743603,342775627.2
2026-04-13,1.176127,"w1=0.34, w2=0.32, w3=0.24, w4=0.09",161473023.1425021,334453661.2
2026-04-14,1.161298,"w1=0.34, w2=0.32, w3=0.24, w4=0.09",161456385.87792316,328894229.95
2026-04-15,1.160464,"w1=0.34, w2=0.32, w3=0.24, w4=0.09",161455428.1909235,328584833.25
2026-04-16,1.141717,"w1=0.34, w2=0.32, w3=0.24, w4=0.09",161467837.3692806,321789503.69
2026-04-17,1.121758,"w1=0.34, w2=0.32, w3=0.24, w4=0.09",161491412.77052718,314761722.54
2026-04-18,1.101648,"w1=0.34, w2=0.32, w3=0.24, w4=0.09",161524218.64434484,307886752.17
2026-04-19,1.067379,"w1=0.34, w2=0.32, w3=0.24, w4=0.09",161564390.55753207,296562819.82
2026-04-20,1.09023,"w1=0.34, w2=0.32, w3=0.24, w4=0.09",161610379.90983418,304192464.64
2026-04-21,1.179084,"w1=0.34, w2=0.32, w3=0.24, w4=0.09",161660739.98259214,335958929.23
2026-04-22,1.207149,"w1=0.34, w2=0.32, w3=0.24, w4=0.09",161714248.19665742,346895607.37
2026-04-23,1.192499,"w1=0.34, w2=0.32, w3=0.24, w4=0.09",161769804.2307964,341310584.06
2026-04-24,1.161847,"w1=0.34, w2=0.32, w3=0.24, w4=0.09",161826501.3388073,329851211.08
2026-04-25,1.154778,"w1=0.34, w2=0.32, w3=0.24, w4=0.09",162423863.6989158,328456360.59
2026-04-26,1.148394,"w1=0.34, w2=0.32, w3=0.24, w4=0.09",162515332.9955415,326302106.0
2026-04-27,1.13048,"w1=0.34, w2=0.32, w3=0.24, w4=0.09",162629450.57089284,320069619.15
2026-04-28,1.112013,"w1=0.34, w2=0.32, w3=0.24, w4=0.09",162757648.1827709,313817784.04
2026-04-29,1.090811,"w1=0.34, w2=0.32, w3=0.24, w4=0.09",162892845.060274,306802843.8
2026-04-30,1.058854,"w1=0.34, w2=0.32, w3=0.24, w4=0.09",163029692.41962758,296472656.39
2026-05-01,1.099373,"w1=0.34, w2=0.32, w3=0.24, w4=0.09",163164349.3246734,310232057.38
2026-05-02,1.183201,"w1=0.34, w2=0.32, w3=0.24, w4=0.09",163260861.7602866,340861612.78
2026-05-03,1.193796,"w1=0.34, w2=0.32, w3=0.24, w4=0.09",163346982.2731377,345143530.9
2026-05-04,1.172271,"w1=0.34, w2=0.32, w3=0.24, w4=0.09",163426398.97699124,337034608.45
2026-05-05,1.1438,"w1=0.34, w2=0.32, w3=0.24, w4=0.09",163503003.7488033,326604154.74
2026-05-06,1.150671,"w1=0.34, w2=0.32, w3=0.24, w4=0.09",163579343.62846652,329275918.16
2026-05-07,1.13727,"w1=0.34, w2=0.32, w3=0.24, w4=0.09",163656804.2056825,324537638.18
2026-05-08,1.121008,"w1=0.34, w2=0.32, w3=0.24, w4=0.09",163736088.46346164,318871020.66
2026-05-09,1.09927,"w1=0.34, w2=0.32, w3=0.24, w4=0.09",163817186.21364436,311437882.83
2026-05-10,1.075013,"w1=0.34, w2=0.32, w3=0.24, w4=0.09",163899801.99960312,303379736.97
2026-05-11,1.06067,"w1=0.34, w2=0.32, w3=0.24, w4=0.09",163983283.7791254,298799702.26
2026-05-12,1.124886,"w1=0.34, w2=0.32, w3=0.24, w4=0.09",164066948.94551992,320895333.28
2026-05-13,1.181885,"w1=0.34, w2=0.32, w3=0.24, w4=0.09",164149992.63418064,342210061.33
2026-05-14,1.174513,"w1=0.34, w2=0.32, w3=0.24, w4=0.09",164231711.86209717,339550474.49
2026-05-15,1.152621,"w1=0.34, w2=0.32, w3=0.24, w4=0.09",164311383.26994002,331471944.59
2026-05-16,1.132648,"w1=0.34, w2=0.32, w3=0.24, w4=0.09",164388466.88525188,324313582.61
2026-05-17,1.13903,"w1=0.34, w2=0.32, w3=0.24, w4=0.09",164462432.9237351,326776087.6
2026-05-18,1.117929,"w1=0.34, w2=0.32, w3=0.24, w4=0.09",164532934.98796433,319329256.15
2026-05-19,1.100333,"w1=0.34, w2=0.32, w3=0.24, w4=0.09",164599636.86867365,313293206.36
2026-05-20,1.078036,"w1=0.34, w2=0.32, w3=0.24, w4=0.09",164662375.55530998,305805113.51
2026-05-21,1.042505,"w1=0.34, w2=0.32, w3=0.24, w4=0.09",164721028.78995848,294251879.93
2026-05-22,1.054012,"w1=0.34, w2=0.32, w3=0.24, w4=0.09",164775566.0081404,298066159.49
2026-05-23,1.132999,"w1=0.34, w2=0.32, w3=0.24, w4=0.09",164826007.5861749,325303953.48
2026-05-24,1.172397,"w1=0.34, w2=0.32, w3=0.24, w4=0.09",164872384.0885407,340064839.63
2026-05-25,1.15004,"w1=0.34, w2=0.32, w3=0.24, w4=0.09",168282717.68243694,338504525.75
2026-05-26,1.123399,"w1=0.34, w2=0.32, w3=0.24, w4=0.09",168528996.06373933,329078149.48
2026-05-27,1.109408,"w1=0.34, w2=0.32, w3=0.24, w4=0.09",168907302.80491835,324736469.02
2026-05-28,1.105869,"w1=0.34, w2=0.32, w3=0.24, w4=0.09",169371404.03784215,324355354.32
2026-05-29,1.086871,"w1=0.34, w2=0.32, w3=0.24, w4=0.09",169882187.4179189,318580814.39
2026-05-30,1.07033,"w1=0.34, w2=0.32, w3=0.24, w4=0.09",170409995.2126383,313813213.14
2026-05-31,1.047667,"w1=0.34, w2=0.32, w3=0.24, w4=0.09",170933656.42641237,307072154.28
2026-06-01,1.025556,"w1=0.34, w2=0.32, w3=0.24, w4=0.09",171438765.00160825,300664785.49
2026-06-02,1.049036,"w1=0.34, w2=0.32, w3=0.24, w4=0.09",171886534.61474025,309245278.41
2026-06-03,1.128736,"w1=0.34, w2=0.32, w3=0.24, w4=0.09",172302333.7831394,338449085.49
2026-06-04,1.143958,"w1=0.34, w2=0.32, w3=0.24, w4=0.09",172685765.16858247,345007987.06
2026-06-05,1.124719,"w1=0.34, w2=0.32, w3=0.24, w4=0.09",173039824.08998322,338382370.12
2026-06-06,1.100365,"w1=0.34, w2=0.32, w3=0.24, w4=0.09",173367159.46883005,329992672.91
2026-06-07,1.097033,"w1=0.34, w2=0.32, w3=0.24, w4=0.09",173669982.1357498,329354538.56
2026-06-08,1.096114,"w1=0.34, w2=0.32, w3=0.24, w4=0.09",173950054.64234817,329551121.57
2026-06-09,1.08359,"w1=0.34, w2=0.32, w3=0.24, w4=0.09",174208782.95464593,325516522.27
2026-06-10,1.068222,"w1=0.34, w2=0.32, w3=0.24, w4=0.09",174447236.82939804,320506197.85
2026-06-11,1.048709,"w1=0.34, w2=0.32, w3=0.24, w4=0.09",174666343.38912538,314134444.68
2026-06-12,1.025402,"w1=0.34, w2=0.32, w3=0.24, w4=0.09",174866927.8747532,306625821.5
2026-06-13,1.062375,"w1=0.34, w2=0.32, w3=0.24, w4=0.09",175049683.08113232,319559843.22
2026-06-14,1.135172,"w1=0.34, w2=0.32, w3=0.24, w4=0.09",175215393.49654964,346647002.88
2026-06-15,1.148254,"w1=0.34, w2=0.32, w3=0.24, w4=0.09",175364853.79745173,352046565.26
2026-06-16,1.131507,"w1=0.34, w2=0.32, w3=0.24, w4=0.09",175498848.4721255,345792970.93
2026-06-17,1.114248,"w1=0.34, w2=0.32, w3=0.24, w4=0.09",175618253.70229402,339454763.16
2026-06-18,1.116993,"w1=0.34, w2=0.32, w3=0.24, w4=0.09",175723945.66968042,340694927.51
2026-06-19,1.10609,"w1=0.34, w2=0.32, w3=0.24, w4=0.09",175816871.87312472,336781131.88
2026-06-20,1.093051,"w1=0.34, w2=0.32, w3=0.24, w4=0.09",175897969.62330744,332116955.66
2026-06-21,1.075083,"w1=0.34, w2=0.32, w3=0.24, w4=0.09",175968155.85458994,325743386.8
2026-06-22,1.052765,"w1=0.34, w2=0.32, w3=0.24, w4=0.09",176028398.44213146,317988362.56
2026-06-23,1.034371,"w1=0.34, w2=0.32, w3=0.24, w4=0.09",176079553.19133592,311771862.29
2026-06-24,1.09232,"w1=0.34, w2=0.32, w3=0.24, w4=0.09",174725699.60678425,329637666.07
2026-06-25,1.15522,"w1=0.34, w2=0.32, w3=0.24, w4=0.09",174673994.69696298,353403668.87
2026-06-26,1.156105,"w1=0.34, w2=0.32, w3=0.24, w4=0.09",174558389.6503143,353520013.93
2026-06-27,1.136295,"w1=0.34, w2=0.32, w3=0.24, w4=0.09",174399270.9741392,345464582.35
2026-06-28,1.118226,"w1=0.34, w2=0.32, w3=0.24, w4=0.09",174214040.04498443,338230049.73
2026-06-29,1.123184,"w1=0.34, w2=0.32, w3=0.24, w4=0.09",174015839.58869615,339710850.61
2026-06-30,1.117204,"w1=0.34, w2=0.32, w3=0.24, w4=0.09",173814195.53447297,337071206.09
2026-07-01,1.112131,"w1=0.34, w2=0.32, w3=0.24, w4=0.09",173615679.245238,334797255.54
2026-07-02,1.093376,"w1=0.34, w2=0.32, w3=0.24, w4=0.09",173395910.45513856,327510163.2
2026-07-03,1.072027,"w1=0.34, w2=0.32, w3=0.24, w4=0.09",173186625.28123736,319520710.89
2026-07-04,1.059142,"w1=0.34, w2=0.32, w3=0.24, w4=0.09",172991603.53073514,314687679.45
2026-07-05,1.128043,"w1=0.34, w2=0.32, w3=0.24, w4=0.09",172814828.774024,339194095.19
2026-07-06,1.181975,"w1=0.34, w2=0.32, w3=0.24, w4=0.09",172658297.89037988,359984171.47
2026-07-07,1.178898,"w1=0.34, w2=0.32, w3=0.24, w4=0.09",172522581.41673866,358456625.03
2026-07-08,1.15516,"w1=0.34, w2=0.32, w3=0.24, w4=0.09",172407302.39119625,348794217.49
2026-07-09,1.140046,"w1=0.34, w2=0.32, w3=0.24, w4=0.09",172311391.05699775,342759787.9
2026-07-10,1.146432,"w1=0.34, w2=0.32, w3=0.24, w4=0.09",172233298.81388837,345056456.4
2026-07-11,1.130962,"w1=0.34, w2=0.32, w3=0.24, w4=0.09",172171252.92210287,339030652.94
2026-07-12,1.113478,"w1=0.34, w2=0.32, w3=0.24, w4=0.09",172123439.88923758,332415651.17
2026-07-13,1.088504,"w1=0.34, w2=0.32, w3=0.24, w4=0.09",172088025.84656987,323298520.52
2026-07-14,1.06024,"w1=0.34, w2=0.32, w3=0.24, w4=0.09",172063227.8661748,313375001.91
2026-07-15,1.084609,"w1=0.34, w2=0.32, w3=0.24, w4=0.09",172047476.9714785,321838789.04
2026-07-16,1.164948,"w1=0.34, w2=0.32, w3=0.24, w4=0.09",172039244.93854538,351890110.73
2026-07-17,1.196602,"w1=0.34, w2=0.32, w3=0.24, w4=0.09",172037217.4947908,364660167.78
2026-07-18,1.182921,"w1=0.34, w2=0.32, w3=0.24, w4=0.09",172040294.31898114,359078272.71
2026-07-19,1.154011,"w1=0.34, w2=0.32, w3=0.24, w4=0.09",172047344.52540407,347618469.79
2026-07-20,1.148587,"w1=0.34, w2=0.32, w3=0.24, w4=0.09",172057542.87313434,345535737.28
2026-07-21,1.146211,"w1=0.34, w2=0.32, w3=0.24, w4=0.09",172070186.37916157,344644542.37
2026-07-22,1.131781,"w1=0.34, w2=0.32, w3=0.24, w4=0.09",172084531.3078371,339169072.15
2026-07-23,1.112829,"w1=0.34, w2=0.32, w3=0.24, w4=0.09",172100078.439342,332131473.98
2026-07-24,1.087554,"w1=0.34, w2=0.32, w3=0.24, w4=0.09",172099426.39712948,322981711.28
2026-07-25,1.059126,"w1=0.34, w2=0.32, w3=0.24, w4=0.09",172117520.568527,313092163.5
2026-07-26,1.097774,"w1=0.34, w2=0.32, w3=0.24, w4=0.09",172134983.07403117,326710749.19
2026-07-27,1.179948,"w1=0.34, w2=0.32, w3=0.24, w4=0.09",172151905.6070781,358109667.76
2026-07-28,1.193461,"w1=0.34, w2=0.32, w3=0.24, w4=0.09",172168267.79134864,363644780.82
2026-07-29,1.175455,"w1=0.34, w2=0.32, w3=0.24, w4=0.09",172184100.1913215,356369580.36
2026-07-30,1.14909,"w1=0.34, w2=0.32, w3=0.24, w4=0.09",172199372.24251798,346015133.21
2026-07-31,1.153389,"w1=0.34, w2=0.32, w3=0.24, w4=0.09",172214012.62782106,347713013.19
2026-08-01,1.14932,"w1=0.34, w2=0.32, w3=0.24, w4=0.09",172228062.09986904,346161807.85
2026-08-02,1.131683,"w1=0.34, w2=0.32, w3=0.24, w4=0.09",172211618.41032195,339382511.66
2026-08-03,1.104068,"w1=0.34, w2=0.32, w3=0.24, w4=0.09",172195928.64458308,329108016.85
2026-08-04,1.070586,"w1=0.34, w2=0.32, w3=0.24, w4=0.09",172183672.28861952,317168516.7
2026-08-05,1.070348,"w1=0.34, w2=0.32, w3=0.24, w4=0.09",172177803.9087068,317074925.79
2026-08-06,1.143874,"w1=0.34, w2=0.32, w3=0.24, w4=0.09",172179678.53006783,343964606.61
2026-08-07,1.198162,"w1=0.34, w2=0.32, w3=0.24, w4=0.09",172189744.43172365,365627861.87
2026-08-08,1.186769,"w1=0.34, w2=0.32, w3=0.24, w4=0.09",172207685.78072765,360990548.26
2026-08-09,1.159125,"w1=0.34, w2=0.32, w3=0.24, w4=0.09",172232901.47566512,349992744.76
2026-08-10,1.142413,"w1=0.34, w2=0.32, w3=0.24, w4=0.09",172264525.52297255,343573103.84
2026-08-11,1.143867,"w1=0.34, w2=0.32, w3=0.24, w4=0.09",172301498.3540546,344205275.85
2026-08-12,1.125776,"w1=0.34, w2=0.32, w3=0.24, w4=0.09",172342780.77663505,337415624.38
2026-08-13,1.108631,"w1=0.34, w2=0.32, w3=0.24, w4=0.09",172387292.84579942,331141914.49
2026-08-14,1.086729,"w1=0.34, w2=0.32, w3=0.24, w4=0.09",172434076.87454805,323315813.78
2026-08-15,1.050066,"w1=0.34, w2=0.32, w3=0.24, w4=0.09",172482205.74036,310665830.51
2026-08-16,1.073502,"w1=0.34, w2=0.32, w3=0.24, w4=0.09",172530915.3312675,318826647.17
2026-08-17,1.16409,"w1=0.34, w2=0.32, w3=0.24, w4=0.09",172579441.5353027,352655277.17
2026-08-18,1.190232,"w1=0.34, w2=0.32, w3=0.24, w4=0.09",172627285.13264668,363287086.39
2026-08-19,1.180167,"w1=0.34, w2=0.32, w3=0.24, w4=0.09",172673906.1508422,359284144.29
2026-08-20,1.151469,"w1=0.34, w2=0.32, w3=0.24, w4=0.09",172718917.4398255,347983904.39
2026-08-21,1.148186,"w1=0.34, w2=0.32, w3=0.24, w4=0.09",172762064.2956074,346795074.24
2026-08-22,1.144774,"w1=0.34, w2=0.32, w3=0.24, w4=0.09",172803071.63787943,345557185.17
2026-08-23,1.133912,"w1=0.34, w2=0.32, w3=0.24, w4=0.09",169543166.2200445,334954376.54
2026-08-24,1.117254,"w1=0.34, w2=0.32, w3=0.24, w4=0.09",169336356.76891896,328405727.13
2026-08-25,1.092777,"w1=0.34, w2=0.32, w3=0.24, w4=0.09",168969664.52965057,318939051.82
2026-08-26,1.071105,"w1=0.34, w2=0.32, w3=0.24, w4=0.09",168498431.58502725,310556922.3
2026-08-27,1.121484,"w1=0.34, w2=0.32, w3=0.24, w4=0.09",167969197.44796798,327287883.19
2026-08-28,1.202853,"w1=0.34, w2=0.32, w3=0.24, w4=0.09",167417223.33874694,357385883.88
2026-08-29,1.206269,"w1=0.34, w2=0.32, w3=0.24, w4=0.09",166867419.30751443,357593007.18
2026-08-30,1.180357,"w1=0.34, w2=0.32, w3=0.24, w4=0.09",166335862.27007303,346170597.26
2026-08-31,1.155967,"w1=0.34, w2=0.32, w3=0.24, w4=0.09",165832078.15562135,335795360.11
2026-09-01,1.169222,"w1=0.34, w2=0.32, w3=0.24, w4=0.09",165360794.2702002,339857261.9
2026-09-02,1.15539,"w1=0.34, w2=0.32, w3=0.24, w4=0.09",164885689.82494003,333663307.57
2026-09-03,1.134756,"w1=0.34, w2=0.32, w3=0.24, w4=0.09",164438460.1842653,325175063.4
2026-09-04,1.111572,"w1=0.34, w2=0.32, w3=0.24, w4=0.09",164023975.28845072,316104891.41
2026-09-05,1.081961,"w1=0.34, w2=0.32, w3=0.24, w4=0.09",163646493.78819695,305232860.36
2026-09-06,1.084118,"w1=0.34, w2=0.32, w3=0.24, w4=0.09",163307727.2943118,305324810.38
2026-09-07,1.161766,"w1=0.34, w2=0.32, w3=0.24, w4=0.09",163007451.66728473,332228159.3
2026-09-08,1.21242,"w1=0.34, w2=0.32, w3=0.24, w4=0.09",162744260.941095,351197816.16
2026-09-09,1.206831,"w1=0.34, w2=0.32, w3=0.24, w4=0.09",162515740.52192435,348489300.44
2026-09-10,1.175767,"w1=0.34, w2=0.32, w3=0.24, w4=0.09",162318956.2198164,336069643.86
2026-09-11,1.159342,"w1=0.34, w2=0.32, w3=0.24, w4=0.09",162150821.0224212,329585211.0
2026-09-12,1.162284,"w1=0.34, w2=0.32, w3=0.24, w4=0.09",162008217.35291022,330383509.88
2026-09-13,1.141832,"w1=0.34, w2=0.32, w3=0.24, w4=0.09",161888098.95157173,322668465.18
2026-09-14,1.125296,"w1=0.34, w2=0.32, w3=0.24, w4=0.09",161787715.0153217,316581712.57
2026-09-15,1.105804,"w1=0.34, w2=0.32, w3=0.24, w4=0.09",161704498.12794825,309650542.08
2026-09-16,1.0738,"w1=0.34, w2=0.32, w3=0.24, w4=0.09",161636105.01275018,298791424.48
2026-09-17,1.089237,"w1=0.34, w2=0.32, w3=0.24, w4=0.09",161580569.35493034,303803658.41
2026-09-18,1.17055,"w1=0.34, w2=0.32, w3=0.24, w4=0.09",161536016.5331277,332492206.95
2026-09-19,1.20524,"w1=0.34, w2=0.32, w3=0.24, w4=0.09",161500867.3826088,345689401.83
2026-09-20,1.196572,"w1=0.34, w2=0.32, w3=0.24, w4=0.09",161473766.87815076,342257650.43
2026-09-21,1.170935,"w1=0.34, w2=0.32, w3=0.24, w4=0.09",161453461.87612635,332466116.03
2026-09-22,1.170265,"w1=0.34, w2=0.32, w3=0.24, w4=0.09",160659315.2139099,330581776.61
2026-09-23,1.168608,"w1=0.34, w2=0.32, w3=0.24, w4=0.09",160605817.1880042,329856993.1
2026-09-24,1.153895,"w1=0.34, w2=0.32, w3=0.24, w4=0.09",160514969.3691123,324275403.41
2026-09-25,1.134614,"w1=0.34, w2=0.32, w3=0.24, w4=0.09",160397652.71165577,317134224.04
2026-09-26,1.113004,"w1=0.34, w2=0.32, w3=0.24, w4=0.09",160263678.41330114,309348721.63
2026-09-27,1.084597,"w1=0.34, w2=0.32, w3=0.24, w4=0.09",160120881.1687583,299524472.45
2026-09-28,1.117836,"w1=0.34, w2=0.32, w3=0.24, w4=0.09",159975322.9329718,310451691.38
2026-09-29,1.20526,"w1=0.34, w2=0.32, w3=0.24, w4=0.09",159831191.03952518,342123243.34
2026-09-30,1.2265,"w1=0.34, w2=0.32, w3=0.24, w4=0.09",159691399.3020557,350167469.66
2026-10-01,1.220994,"w1=0.34, w2=0.32, w3=0.24, w4=0.09",159557649.14321163,347690066.35
2026-10-02,1.193469,"w1=0.34, w2=0.32, w3=0.24, w4=0.09",159384236.47915885,336646063.33
2026-10-03,1.191608,"w1=0.34, w2=0.32, w3=0.24, w4=0.09",159202785.3572048,335556710.51
2026-10-04,1.187247,"w1=0.34, w2=0.32, w3=0.24, w4=0.09",159018002.7070711,333521460.69
2026-10-05,1.169022,"w1=0.34, w2=0.32, w3=0.24, w4=0.09",158836378.38640434,326374630.3
2026-10-06,1.149366,"w1=0.34, w2=0.32, w3=0.24, w4=0.09",158663240.80265996,318914230.07
2026-10-07,1.125067,"w1=0.34, w2=0.32, w3=0.24, w4=0.09",158502675.40782583,310074674.58
2026-10-08,1.103658,"w1=0.34, w2=0.32, w3=0.24, w4=0.09",158357453.38130516,302522120.57
2026-10-09,1.164136,"w1=0.34, w2=0.32, w3=0.24, w4=0.09",158229164.07599095,323348075.67
2026-10-10,1.236224,"w1=0.34, w2=0.32, w3=0.24, w4=0.09",158118337.27618098,350580256.53
2026-10-11,1.236936,"w1=0.34, w2=0.32, w3=0.24, w4=0.09",158024850.72396028,350657603.6
2026-10-12,1.215205,"w1=0.34, w2=0.32, w3=0.24, w4=0.09",157947889.36656326,341926365.14
2026-10-13,1.194829,"w1=0.34, w2=0.32, w3=0.24, w4=0.09",157886312.13011798,333995056.92
2026-10-14,1.202956,"w1=0.34, w2=0.32, w3=0.24, w4=0.09",157838753.801242,336977998.63
2026-10-15,1.189306,"w1=0.34, w2=0.32, w3=0.24, w4=0.09",157803737.09679753,331744583.35
2026-10-16,1.171802,"w1=0.34, w2=0.32, w3=0.24, w4=0.09",157779845.86260423,325218182.09
2026-10-17,1.151245,"w1=0.34, w2=0.32, w3=0.24, w4=0.09",157765572.2510457,317777130.75
2026-10-18,1.118986,"w1=0.34, w2=0.32, w3=0.24, w4=0.09",157759632.554016,306542954.3
2026-10-19,1.119178,"w1=0.34, w2=0.32, w3=0.24, w4=0.09",157760773.6278879,306610524.91
2026-10-20,1.193953,"w1=0.34, w2=0.32, w3=0.24, w4=0.09",157767925.71590653,333414418.29
2026-10-21,1.251116,"w1=0.34, w2=0.32, w3=0.24, w4=0.09",157780049.62579566,355831578.81
2026-10-22,1.249388,"w1=0.34, w2=0.32, w3=0.24, w4=0.09",156435283.87958103,352102205.13
2026-10-23,1.225162,"w1=0.34, w2=0.32, w3=0.24, w4=0.09",156347950.97574106,342314486.97
2026-10-24,1.209974,"w1=0.34, w2=0.32, w3=0.24, w4=0.09",156194048.63726616,336128813.67
2026-10-25,1.216559,"w1=0.34, w2=0.32, w3=0.24, w4=0.09",155992730.60414925,338213368.07
2026-10-26,1.198791,"w1=0.34, w2=0.32, w3=0.24, w4=0.09",155760644.32912883,330977674.88
2026-10-27,1.181722,"w1=0.34, w2=0.32, w3=0.24, w4=0.09",155510912.161732,324140285.22
2026-10-28,1.160119,"w1=0.34, w2=0.32, w3=0.24, w4=0.09",155253314.73514655,315840449.69
2026-10-29,1.129122,"w1=0.34, w2=0.32, w3=0.24, w4=0.09",154994861.5031572,304583275.32
2026-10-30,1.151701,"w1=0.34, w2=0.32, w3=0.24, w4=0.09",154740279.7718047,311842545.95
2026-10-31,1.245939,"w1=0.34, w2=0.32, w3=0.24, w4=0.09",154492768.62319425,346361697.94
2026-11-01,1.287735,"w1=0.34, w2=0.32, w3=0.24, w4=0.09",154254263.8076443,362820871.16
2026-11-02,1.275571,"w1=0.34, w2=0.32, w3=0.24, w4=0.09",153973844.9036205,357125082.65
2026-11-03,1.245589,"w1=0.34, w2=0.32, w3=0.24, w4=0.09",153691408.74400175,344427326.23
2026-11-04,1.239247,"w1=0.34, w2=0.32, w3=0.24, w4=0.09",153413679.51410463,341324115.71
2026-11-05,1.239069,"w1=0.34, w2=0.32, w3=0.24, w4=0.09",153147136.88341615,340661894.2
2026-11-06,1.221523,"w1=0.34, w2=0.32, w3=0.24, w4=0.09",152896080.2552751,333374331.06
2026-11-07,1.199684,"w1=0.34, w2=0.32, w3=0.24, w4=0.09",152663117.7985316,324723566.8
2026-11-08,1.175699,"w1=0.34, w2=0.32, w3=0.24, w4=0.09",152449635.10288727,315611779.07
2026-11-09,1.144157,"w1=0.34, w2=0.32, w3=0.24, w4=0.09",152256080.44736323,304259248.13
2026-11-10,1.186869,"w1=0.34, w2=0.32, w3=0.24, w4=0.09",152082209.31612977,318838461.58
2026-11-11,1.276398,"w1=0.34, w2=0.32, w3=0.24, w4=0.09",151927369.66697437,352713774.35
2026-11-12,1.292022,"w1=0.34, w2=0.32, w3=0.24, w4=0.09",151790501.93130165,358795209.91
2026-11-13,1.27399,"w1=0.34, w2=0.32, w3=0.24, w4=0.09",151670424.28260148,351143753.18
2026-11-14,1.243941,"w1=0.34, w2=0.32, w3=0.24, w4=0.09",151565812.26012957,339024885.46
2026-11-15,1.244999,"w1=0.34, w2=0.32, w3=0.24, w4=0.09",151475402.53209925,339232422.08
2026-11-16,1.233919,"w1=0.34, w2=0.32, w3=0.24, w4=0.09",151397829.885128,334798543.19
2026-11-17,1.216128,"w1=0.34, w2=0.32, w3=0.24, w4=0.09",151331851.36374816,327947413.61
2026-11-18,1.199335,"w1=0.34, w2=0.32, w3=0.24, w4=0.09",151276285.1414496,321646673.41
2026-11-19,1.173266,"w1=0.34, w2=0.32, w3=0.24, w4=0.09",151230010.5206795,312231112.7
2026-11-20,1.15487,"w1=0.34, w2=0.32, w3=0.24, w4=0.09",151192029.06179997,305774648.91
2026-11-21,1.207538,"w1=0.34, w2=0.32, w3=0.24, w4=0.09",154851218.64136997,332320088.6
2026-11-22,1.273574,"w1=0.34, w2=0.32, w3=0.24, w4=0.09",155092953.10350382,358895864.82
2026-11-23,1.273252,"w1=0.34, w2=0.32, w3=0.24, w4=0.09",155531818.26517105,359778259.63
2026-11-24,1.245859,"w1=0.34, w2=0.32, w3=0.24, w4=0.09",156114693.06237003,349965941.05
2026-11-25,1.215754,"w1=0.34, w2=0.32, w3=0.24, w4=0.09",156795170.42825624,339642577.28
2026-11-26,1.219488,"w1=0.34, w2=0.32, w3=0.24, w4=0.09",157536318.28438595,342698372.87
2026-11-27,1.20052,"w1=0.34, w2=0.32, w3=0.24, w4=0.09",158310180.32089713,337053868.47
2026-11-28,1.178511,"w1=0.34, w2=0.32, w3=0.24, w4=0.09",159096482.10024416,330416702.34
2026-11-29,1.151782,"w1=0.34, w2=0.32, w3=0.24, w4=0.09",159881153.77405986,322231970.28
2026-11-30,1.115279,"w1=0.34, w2=0.32, w3=0.24, w4=0.09",160654883.36449665,310887161.9
2026-12-01,1.126664,"w1=0.34, w2=0.32, w3=0.24, w4=0.09",161411843.24428007,316327107.54
2026-12-02,1.203524,"w1=0.34, w2=0.32, w3=0.24, w4=0.09",162099238.3705148,346296557.8
2026-12-03,1.247937,"w1=0.34, w2=0.32, w3=0.24, w4=0.09",162751127.76064566,365710564.77
2026-12-04,1.234666,"w1=0.34, w2=0.32, w3=0.24, w4=0.09",163371749.68905404,361585228.59
2026-12-05,1.20314,"w1=0.34, w2=0.32, w3=0.24, w4=0.09",163966748.39614215,350133899.21
2026-12-06,1.184611,"w1=0.34, w2=0.32, w3=0.24, w4=0.09",164540545.54316363,344079871.41
2026-12-07,1.182993,"w1=0.34, w2=0.32, w3=0.24, w4=0.09",165096401.34118113,344613114.23
2026-12-08,1.160705,"w1=0.34, w2=0.32, w3=0.24, w4=0.09",165636648.87873632,337185320.36
2026-12-09,1.140096,"w1=0.34, w2=0.32, w3=0.24, w4=0.09",166162796.00344566,330547517.41
2026-12-10,1.113132,"w1=0.34, w2=0.32, w3=0.24, w4=0.09",166675657.7680748,321771092.64
2026-12-11,1.086488,"w1=0.34, w2=0.32, w3=0.24, w4=0.09",167175631.51084706,313372982.29
2026-12-12,1.125765,"w1=0.34, w2=0.32, w3=0.24, w4=0.09",167662707.0436028,328248881.1
2026-12-13,1.209052,"w1=0.34, w2=0.32, w3=0.24, w4=0.09",168136711.16762933,361451318.47
2026-12-14,1.21443,"w1=0.34, w2=0.32, w3=0.24, w4=0.09",168597338.23813954,364659405.27
2026-12-15,1.193137,"w1=0.34, w2=0.32, w3=0.24, w4=0.09",169044201.10506976,356915625.8
2026-12-16,1.167774,"w1=0.34, w2=0.32, w3=0.24, w4=0.09",169477014.499952,347750990.28
2026-12-17,1.17199,"w1=0.34, w2=0.32, w3=0.24, w4=0.09",169895595.03591394,350265368.99
2026-12-18,1.159365,"w1=0.34, w2=0.32, w3=0.24, w4=0.09",170299677.8208068,346157373.98
2026-12-19,1.142866,"w1=0.34, w2=0.32, w3=0.24, w4=0.09",170689232.29015186,340603496.12
2026-12-20,1.122967,"w1=0.34, w2=0.32, w3=0.24, w4=0.09",171064289.00842783,333868356.38
2026-12-21,1.096273,"w1=0.34, w2=0.32, w3=0.24, w4=0.09",171848318.82819057,325626504.31
2026-12-22,1.074338,"w1=0.34, w2=0.32, w3=0.24, w4=0.09",172245320.8421818,318591140.77
2026-12-23,1.125146,"w1=0.34, w2=0.32, w3=0.24, w4=0.09",172650677.147021,337781712.81
2026-12-24,1.19347,"w1=0.34, w2=0.32, w3=0.24, w4=0.09",173060251.34992248,365532498.34
2026-12-25,1.191431,"w1=0.34, w2=0.32, w3=0.24, w4=0.09",173470233.07920676,365555583.51
2026-12-26,1.167592,"w1=0.34, w2=0.32, w3=0.24, w4=0.09",173877382.5001304,356707211.03
2026-12-27,1.14355,"w1=0.34, w2=0.32, w3=0.24, w4=0.09",174279376.71231127,348033225.84
2026-12-28,1.149724,"w1=0.34, w2=0.32, w3=0.24, w4=0.09",174674351.28254795,351237278.01
2026-12-29,1.135441,"w1=0.34, w2=0.32, w3=0.24, w4=0.09",175061114.19617063,346445636.7
2026-12-30,1.117869,"w1=0.34, w2=0.32, w3=0.24, w4=0.09",175438758.70697755,340472851.37
2026-12-31,1.092937,"w1=0.34, w2=0.32, w3=0.24, w4=0.09",175806785.59514973,331903047.73
